#ID	Type	M	WM	SWM	x	y	z	xv	vy	vz	a	e	i	N	dt	init_time	formation_time	P
61	0	6.53858e-08	0	0	-36.9178	109.377	0.206631	-52474.8	-18266.6	427.312	101.933	0.132835	0.00791278	2	0.00154109	0	0	23530.3
114	0	2.94687e-08	0	0	87.3283	1.53366	0.262517	10161	72110.3	-599.821	100.1	0.201126	0.00931543	2	0.00154109	0	0	51678.7
127	1	1.56551e-06	0	0	-59.822	-36.0253	-0.0144711	39663.8	-65741	12.9749	69.9701	0.00214138	0.000267288	2	0.00154109	0	132291	817.283
123	0	3.91425e-08	0	0	127.423	-72.3751	-1.06696	20443.3	43898.1	-209.777	125.947	0.181864	0.00879564	2	0.00154109	0	0	43732.7
58	0	4.08567e-08	0	0	-60.1505	80.5526	1.17834	-59502.9	-36888.4	712.1	125.6	0.216761	0.0148955	2	0.00154109	0	0	41647.7
42	0	2.63462e-08	0	0	-103.721	-12.2773	0.0742069	-827.309	-66141.3	777.856	117.676	0.171223	0.0117879	2	0.00154109	0	0	62602.3
98	0	8.15298e-09	0	0	-58.7164	-157.821	1.56244	45558	-8478.16	-336.508	150.382	0.208097	0.0109192	2	0.00154109	0	0	228096
195	0	4.75805e-08	0	0	-85.2911	-94.2375	4.07261	33311.5	-45870.5	-3647.28	127.022	0.203031	0.0790758	2	0.00154109	0	0	35783.6
201	1	2.08116e-07	0	0	-21.1947	-156.783	2.23675	48472	2696.5	744.293	144.874	0.20914	0.023145	2	0.00154109	34298.6	0	8795.44
102	0	4.51394e-07	0	0	-130.13	-79.5689	-0.677008	29425.2	-44982.9	216.808	164.484	0.0787808	0.00590849	2	0.00154109	0	596782	4349.29
92	0	1.51787e-08	0	0	151.579	-75.0827	-0.254104	27240.4	43061.3	-323.178	181.691	0.124558	0.00639882	2	0.00154109	0	0	134639
167	0	5.533e-07	0	0	-169.574	-25.1175	0.562413	2447.17	-43949.9	182.307	143.868	0.211477	0.0050645	2	0.00154109	0	511432	3284.36
118	0	2.49335e-08	0	0	-154.734	68.8433	1.0373	-16641.1	-48868.3	301.487	187.888	0.133371	0.00887226	2	0.00154109	0	0	83096.2
9	1	2.46782e-07	0	0	-53.2482	-171.891	-0.266398	47050.5	-17815.5	-183.167	201.881	0.124666	0.0038522	2	0.00154109	0	0	8758.55
25	0	8.94973e-09	0	0	-101.482	-172.555	-3.07436	38412.3	-27606.6	-1449.22	220.351	0.129289	0.0331182	2	0.00154109	0	0	251882
7	1	2.55168e-07	0	0	6.33545	206.204	-0.246291	-41412.1	-1833.24	6.47387	181.415	0.155952	0.00119572	2	0.00154109	0	0	8048.07
29	0	9.88933e-08	0	0	202.038	-130.764	-2.67869	23580.6	30841.6	1424.97	215.687	0.139267	0.0392795	2	0.00154109	0	0	22478.9
196	0	2.78553e-08	0	0	61.3312	-122.782	1.70734	51432.7	26510.4	-671.466	155.743	0.119369	0.0169041	2	0.00154109	0	0	68275.3
50	0	1.94611e-08	0	0	53.8654	-226.203	2.75355	40992.1	5730.72	-210.813	225.704	0.0993549	0.0133859	2	0.00154109	0	0	116971
71	0	5.37043e-08	0	0	114.002	-222.418	1.75902	35780.5	13978.4	-294.371	226.752	0.143338	0.0109715	2	0.00154109	0	0	42498.4
153	0	2.0574e-07	0	0	225.025	67.7457	-0.545453	-16188.5	38899.2	6.77093	238.677	0.102907	0.00232229	2	0.00154109	0	0	11377.4
170	0	1.21715e-07	0	0	141.702	170.24	-3.66204	-37161.6	23381.9	297.421	230.622	0.137916	0.0171674	2	0.00154109	0	0	18992.4
161	0	2.4542e-07	0	0	32.7998	-260.37	-0.332016	38740.7	6919.94	176.481	259.637	0.0525358	0.00460254	2	0.00154109	0	0	10034.8
148	0	6.27587e-09	0	0	-269.549	26.6499	-4.46544	-4329.4	-38153.6	-0.48711	263.568	0.031339	0.016486	2	0.00154109	0	0	393503
144	0	5.11889e-08	0	0	-299.74	-37.9949	0.80489	5874.72	-35876.7	96.5821	293.892	0.045796	0.00383228	2	0.00154109	0	0	50603.9
26	0	1.18272e-07	0	0	195.57	-221.193	0.687083	27643.3	25621.5	280.414	301.572	0.0314394	0.00784921	2	0.00154109	0	0	22300.4
185	0	3.8084e-08	0	0	19.4352	306.11	-0.0955847	-36307.7	3567.01	28.1511	304.791	0.0350955	0.000842599	2	0.00154109	0	0	69338.6
24	0	5.62061e-08	0	0	174.565	275.191	1.42199	-29070.5	19333	161.251	315.426	0.0395859	0.00628649	2	0.00154109	0	0	48111.7
14	0	7.06556e-08	0	3.0035e-13	-276.527	-159.04	0.201653	18182	-31242.6	-81.0131	323.712	0.0154282	0.0023255	2	0.00154109	0	0	38497.9
4	1	2.30619e-07	0	3.00951e-10	310.724	-216.255	-0.188563	18812.8	27044.9	22.9895	378.596	0.000250783	0.000857254	16	0.0123287	0	0	12770.5
6	1	1.98885e-07	0	3.0035e-10	-265.763	307.754	-0.0133694	-24106.6	-20724.3	8.05342	406.712	0.00222708	0.000255527	16	0.0123287	0	0	15426.8
33	0	3.12696e-08	0	3.0035e-13	353.394	-6.63506	0.736912	645.745	34068.5	84.3028	353.063	0.00113146	0.00323508	16	0.0123287	0	0	90995.3
90	0	6.02631e-09	0	3.0035e-13	-381.594	107.205	-2.10891	-8731.24	-30966.8	160.008	395.865	0.00157594	0.00728625	16	0.0123287	0	0	500836
154	0	5.89895e-09	0	3.0035e-13	-369.419	44.4945	-3.38366	-3985.32	-32984.6	-83.2308	372.016	0.000462123	0.00943124	16	0.0123287	0	0	498744
160	0	4.42313e-09	0	3.0035e-13	143.148	-373.491	3.02931	29857.2	11659.9	199.957	400.111	0.00626691	0.00984222	16	0.0123287	0	0	683518
3	1	6.78241e-08	0	3.0035e-09	-129.904	-501.497	-2.58525	27261.9	-7021.29	43.5635	517.691	0.00156499	0.00522268	32	0.0246574	0	0	50797.1
11	0	5.26144e-08	0	3.0035e-12	437.254	-208.309	-0.636456	12049.5	25317.8	24.7429	451.301	0.0732063	0.0015826	32	0.0246574	0	0	60973.8
17	0	2.88713e-09	0	3.0035e-13	-141.155	391.955	-2.37349	-29617.5	-10523.9	-228.435	417.366	0.00466966	0.00921537	32	0.0246574	0	0	1.07988e+06
28	0	2.68793e-09	0	3.0035e-12	293.047	-317.016	0.941217	22801	20910.2	301.262	434.236	0.00704213	0.00997021	32	0.0246574	0	0	1.17501e+06
38	0	2.43267e-09	0	3.0035e-12	-487.056	-132.397	-0.987964	7365.31	-27394.8	140.857	499.053	0.0117085	0.00534229	32	0.0246574	0	0	1.38894e+06
43	0	4.88831e-09	0	3.0035e-12	-264.041	-492.161	-1.56652	23941.8	-12744.2	-38.9979	558.524	0.0032599	0.00315604	32	0.0246574	0	0	736147
48	0	1.73937e-08	0	3.0035e-12	-387.737	-362.166	-0.330729	18997.7	-20317.8	-14.3439	530.131	0.000976951	0.000809206	32	0.0246574	0	0	200010
57	0	2.33598e-09	0	3.0035e-13	260.303	339.797	-2.91175	-24491.7	18956.2	-194.528	427.782	0.00505858	0.00923566	32	0.0246574	0	0	1.3458e+06
65	0	8.12606e-10	0	3.0035e-12	300.514	407.729	4.30217	-22917.6	16960.7	-120.513	507.638	0.00291355	0.00949454	32	0.0246574	0	0	4.208e+06
74	0	4.16115e-08	0	3.0035e-12	-423.982	-4.6485	-1.49168	-840.947	-32158.9	9.19439	454.966	0.077454	0.00354262	32	0.0246574	0	0	77621.3
88	0	1.47039e-09	0	3.0035e-12	-410.139	363.483	-0.157165	-18165.4	-20483.1	-140.83	547.927	0.000387723	0.00515181	32	0.0246574	0	0	2.42816e+06
96	0	1.19565e-09	6.007e-12	6.007e-12	590.133	-126.642	-2.43018	5471.83	25511.4	-72.7391	603.639	0.000144382	0.00489751	32	0.0246574	0	0	3.13401e+06
100	0	4.45749e-10	1.2014e-11	6.007e-12	-185.992	625.492	-4.22786	-24051.2	-7149.62	-72.7314	652.566	9.92845e-05	0.00709743	32	0.0246574	0	0	8.64946e+06
106	0	1.27472e-09	0	3.0035e-12	222.273	535.001	2.18692	-24592.1	10222.4	-104.078	579.429	0.000227518	0.00543387	32	0.0246574	0	0	2.87607e+06
107	0	5.49456e-09	0	3.0035e-12	-493.328	228.765	1.69682	-11569.6	-24927.2	-71.1144	543.568	0.000529555	0.00405444	32	0.0246574	0	0	645260
117	0	5.99281e-10	6.007e-12	6.007e-12	-598.585	167.881	-3.84825	-6943.72	-24750.4	54.4885	621.634	0.000116888	0.006543	32	0.0246574	0	0	6.31796e+06
129	0	2.41307e-09	0	3.0035e-12	273.656	462.541	1.93766	-23794.3	14094.3	136.67	537.691	0.000718047	0.0061157	32	0.0246574	0	0	1.45045e+06
143	0	7.16799e-10	6.007e-12	6.007e-12	239.96	-544.382	2.65827	24036.6	10602.8	159.828	594.589	0.000618132	0.00754916	32	0.0246574	0	0	5.14519e+06
145	0	7.63723e-08	0	3.0035e-12	-351.706	224.235	0.217094	-17469.9	-27465	53.4463	451.243	0.0756564	0.001723	32	0.0246574	0	0	42023.8
165	0	8.18954e-09	6.007e-12	6.007e-12	-93.4404	620.718	1.19285	-25299.3	-3805.32	-6.28329	627.721	0.00012166	0.00191614	32	0.0246574	0	0	464036
174	0	1.37414e-07	0	3.0035e-12	-446.694	161.384	0.158171	-11253.8	-27410.4	1.93391	482.164	0.0454054	0.000336913	32	0.0246574	0	0	24325.3
179	0	1.39975e-08	0	3.0035e-12	-45.2092	477.749	-0.417286	-29492.1	-2344.36	126.166	490.859	0.0269347	0.00436549	32	0.0246574	0	0	241077
181	0	7.5731e-09	0	3.0035e-12	-529.476	-187.026	0.117447	9071.74	-25454.3	-81.7102	560.436	0.00343009	0.00303042	32	0.0246574	0	0	471952
198	0	6.00195e-09	1.2014e-11	1.2014e-11	21.4407	-596.335	1.65865	26222.5	948.007	-9.33738	596.724	0.000199025	0.00280221	32	0.0246574	0	0	617221
202	1	8.81369e-08	1.2014e-08	6.007e-09	261.416	-798.095	-0.116454	21019.2	6885.22	9.20952	839.809	1.94021e-05	0.000438858	64	0.0493148	259850	0	49818.1
10	1	5.16185e-08	1.2014e-08	6.007e-09	611.5	-315.441	-1.0685	11201.8	21717.5	-94.498	688.095	5.37002e-05	0.0041673	64	0.0493148	0	0	77179.5
18	0	4.27463e-10	1.2014e-11	6.007e-12	561.642	-473.684	0.73735	15248.6	18073.2	109.576	734.696	0.000195822	0.00474111	64	0.0493148	0	0	9.60155e+06
20	0	3.79946e-10	1.2014e-11	6.007e-12	-377.41	626.194	-0.309823	-20303	-12236.7	133.676	731.167	4.45553e-05	0.00565487	64	0.0493148	0	0	1.07821e+07
22	0	1.43242e-10	1.2014e-11	6.007e-12	-47.2347	-813.898	2.06034	22410.4	-1299.81	168.806	815.259	2.02837e-05	0.00793308	64	0.0493148	0	0	3.03322e+07
23	0	4.43796e-08	1.2014e-11	6.007e-12	638.928	-374.069	-0.227466	11901.4	20329.6	-9.57295	740.39	3.41765e-05	0.000509447	64	0.0493148	0	0	93230.8
44	0	2.0085e-09	1.2014e-11	6.007e-12	610.987	528.479	-1.35925	-14753.2	17056.8	15.9885	807.846	1.4952e-05	0.00182585	64	0.0493148	0	0	2.15302e+06
47	0	8.19967e-11	1.2014e-11	6.007e-12	-566.215	866.814	0.573239	-16677.2	-10893.8	140.571	1035.36	4.90146e-06	0.0070784	64	0.0493148	0	0	5.98201e+07
63	0	7.73186e-11	1.2014e-11	6.007e-12	-116.347	948.645	-9.08977	-20578.7	-2524.59	-15.3662	955.797	2.64669e-05	0.00953915	64	0.0493148	0	0	6.04949e+07
104	0	1.64259e-10	1.2014e-11	6.007e-12	517.296	-617.246	-2.91261	17310.8	14507.7	144.992	805.36	2.32097e-05	0.00736804	64	0.0493148	0	0	2.61846e+07
112	0	1.49289e-09	1.2014e-11	6.007e-12	-806.793	-505.656	-0.475987	11031.5	-17601.2	25.8514	952.149	8.59268e-06	0.00134116	64	0.0493148	0	0	3.12112e+06
121	0	3.83126e-10	1.2014e-11	6.007e-12	146.307	-767.957	0.44841	22519.3	4290.67	-103.336	781.764	2.1808e-05	0.00454398	64	0.0493148	0	0	1.11182e+07
136	0	3.95969e-10	2.4028e-11	1.2014e-11	-695.667	-283.822	-2.56899	8833.68	-21650.5	-132.381	751.298	5.82046e-05	0.00661373	64	0.0493148	0	0	1.05002e+07
140	0	4.98959e-10	1.2014e-11	6.007e-12	418.453	-516.17	-3.13299	19314.9	15659.8	87.6188	664.485	6.12214e-05	0.00588601	64	0.0493148	0	0	7.80391e+06
142	0	7.81668e-11	1.2014e-11	6.007e-12	-642.436	-801.743	3.02196	15604.8	-12504.7	-141.963	1027.38	8.69275e-06	0.00768437	64	0.0493148	0	0	6.22776e+07
155	0	4.18413e-09	2.4028e-11	1.2014e-11	-703.844	-64.742	-1.49353	2207.52	-24007.1	21.6287	706.743	0.000109254	0.00229563	64	0.0493148	0	0	966763
168	0	1.43644e-09	1.2014e-11	6.007e-12	552.196	-452.263	-0.765966	15201.4	18561.4	62.4788	713.762	3.08368e-05	0.00281658	64	0.0493148	0	0	2.82519e+06
180	0	8.77715e-11	1.2014e-11	6.007e-12	751.03	649.683	4.7092	-13306.7	15383.4	-113.758	993.062	8.61125e-06	0.00733263	64	0.0493148	0	0	5.47614e+07
188	0	1.56346e-10	1.2014e-11	6.007e-12	282.905	-710.248	6.37798	21535.8	8578.2	-72.9432	764.544	2.92356e-05	0.00891593	64	0.0493148	0	0	2.68909e+07
191	0	1.47104e-08	1.2014e-11	6.007e-12	-698.159	16.2879	-0.0777815	-569.397	-24247	4.54849	698.252	0.000206498	0.000218134	64	0.0493148	0	0	272173
203	1	3.0356e-08	1.2014e-08	6.007e-09	1013.6	-1145.43	9.81498	12274.1	10860.3	-124.301	1529.54	4.5707e-06	0.00993485	128	0.0986296	363422	0	194989
35	0	5.9732e-11	1.2014e-11	6.007e-12	671.478	-905.719	-9.7037	15334.2	11368.6	-25.3658	1127.51	6.61847e-06	0.00870832	128	0.0986296	0	0	8.52049e+07
51	0	6.38938e-11	1.2014e-11	6.007e-12	967.98	963.199	-5.35514	-12234.6	12295.5	41.1	1365.57	2.82804e-06	0.00458183	128	0.0986296	0	0	8.81127e+07
68	0	4.18048e-11	1.2014e-11	6.007e-12	-786.768	1217.53	12.7583	-14139.8	-9136.5	-62.0745	1449.67	6.04863e-07	0.00954216	128	0.0986296	0	0	1.38811e+08
69	0	4.2195e-11	1.2014e-11	6.007e-12	929.854	-1174.32	-6.43569	12984	10280.4	122.438	1497.9	4.64459e-06	0.00855078	128	0.0986296	0	0	1.39638e+08
76	0	5.68965e-11	1.2014e-11	6.007e-12	-1058.17	358.506	-10.825	-6152.67	-18162.3	-0.211305	1117.32	3.60666e-05	0.00968865	128	0.0986296	0	0	8.90154e+07
79	0	1.34673e-10	1.2014e-11	6.007e-12	904.074	-1094.37	-2.49215	13116	10835.4	7.54415	1419.51	4.39905e-06	0.00181078	128	0.0986296	0	0	4.24239e+07
86	0	4.27926e-11	1.2014e-11	6.007e-12	-1367.97	919.913	-9.63849	-8809.69	-13100.4	-36.147	1648.59	3.72317e-05	0.00627905	128	0.0986296	0	0	1.44789e+08
89	0	6.69333e-11	1.2014e-11	6.007e-12	-489.593	1416.79	-4.58646	-15647.5	-5407.18	22.5325	1499.01	2.2614e-06	0.00334872	128	0.0986296	0	0	8.78979e+07
91	0	4.93045e-11	1.2014e-11	6.007e-12	-956.292	-873.066	0.523689	12009.5	-13154.5	-151.79	1294.9	4.97278e-06	0.00853116	128	0.0986296	0	0	1.10588e+08
131	0	8.16975e-11	1.2014e-11	6.007e-12	-468.327	1168.86	1.6478	-16767.3	-6718.23	71.5999	1259.19	5.16522e-06	0.00417427	128	0.0986296	0	0	6.58639e+07
137	0	5.90881e-10	1.2014e-11	6.007e-12	245.321	1283.6	0.583457	-17415.8	3328.44	13.2436	1306.83	2.82956e-06	0.000870182	128	0.0986296	0	0	9.27131e+06
138	0	6.9099e-11	1.2014e-11	6.007e-12	171.111	1250.95	1.13003	-17872.3	2444.81	-90.532	1262.6	4.24785e-06	0.0050979	128	0.0986296	0	0	7.83493e+07
152	0	4.43335e-11	1.2014e-11	6.007e-12	-668.088	1312.59	9.6579	-14884.4	-7576.39	65.7916	1472.87	2.91769e-06	0.00764956	128	0.0986296	0	0	1.31265e+08
157	0	1.32681e-10	1.2014e-11	6.007e-12	-152.039	-1072.27	-0.669862	19284.2	-2734.36	74.4679	1082.99	7.2013e-06	0.00387304	128	0.0986296	0	0	3.74812e+07
197	0	7.3916e-08	1.2014e-11	6.007e-12	493.99	-975.579	-0.158119	17292.9	8756.38	-0.729664	1093.52	1.80171e-06	0.000149416	128	0.0986296	0	0	67569.6
5	1	3.13592e-08	1.2014e-08	6.007e-09	1300.7	-1103.73	-7.00254	10040.9	11833.1	-46.4171	1705.89	5.50606e-06	0.00507901	256	0.197259	0	0	200091
15	0	3.31305e-11	1.2014e-11	6.007e-12	-2204.6	547.08	17.0324	-3238.46	-13052.8	85.4481	2271.53	2.33543e-06	0.00982821	256	0.197259	0	0	2.18176e+08
30	0	3.48631e-11	1.2014e-11	6.007e-12	-71.7317	2567.18	11.3575	-12643.3	-353.211	-13.2057	2568.21	7.54044e-07	0.00454395	256	0.197259	0	0	2.21403e+08
53	0	3.26394e-11	1.2014e-11	6.007e-12	1139.26	-2297.54	-11.0887	11339.3	5623.14	-90.7395	2564.51	1.25858e-06	0.00837207	256	0.197259	0	0	2.34452e+08
75	0	4.55803e-11	1.2014e-11	6.007e-12	933.612	-1529.81	6.58743	12924.1	7887.49	30.4802	1792.2	5.03629e-06	0.0041908	256	0.197259	0	0	1.41537e+08
80	0	1.15826e-10	1.2014e-11	6.007e-12	1820.35	-623.419	1.37459	4734.51	13824.3	-8.30094	1924.14	4.94809e-06	0.000912724	256	0.197259	0	0	5.74403e+07
83	0	8.00703e-11	1.2014e-11	6.007e-12	182.798	1691.51	-3.71983	-15450.5	1665.82	-17.8291	1701.42	0.000248076	0.00246937	256	0.197259	0	0	7.78517e+07
103	0	6.8752e-11	1.2014e-11	6.007e-12	-1641.63	1023.61	-2.78009	-7710.61	-12365.9	-10.4423	1934.62	4.77065e-06	0.00160576	256	0.197259	0	0	9.68326e+07
132	0	3.68111e-11	1.2014e-11	6.007e-12	1663.51	663.736	12.9714	-5613.18	14066.8	76.5274	1791.09	3.63351e-06	0.00883076	256	0.197259	0	0	1.75471e+08
134	0	3.71308e-11	1.2014e-11	6.007e-12	1001.65	1618.71	5.29356	-12492.7	7730.22	97.5516	1903.56	8.06499e-06	0.00719895	256	0.197259	0	0	1.78904e+08
135	0	3.48268e-11	1.2014e-11	6.007e-12	-217.496	-2180.86	-1.20547	13623.7	-1358.66	97.6882	2191.68	5.66686e-06	0.0071561	256	0.197259	0	0	2.03314e+08
171	0	4.42675e-11	1.2014e-11	6.007e-12	577.88	-2151.13	4.88674	13116.3	3523.6	-15.9261	2227.41	5.12486e-06	0.00248763	256	0.197259	0	0	1.62169e+08
173	0	3.63459e-11	1.2014e-11	6.007e-12	1282.11	1909.81	6.41302	-11096.1	7448.93	52.0433	2300.26	7.90374e-07	0.00478927	256	0.197259	0	0	2.00762e+08
176	0	3.94035e-11	1.2014e-11	6.007e-12	-861.926	1507.27	-4.7965	-13353.1	-7635.32	106.413	1736.26	3.76524e-05	0.00744912	256	0.197259	0	0	1.60924e+08
184	0	3.7481e-11	1.2014e-11	6.007e-12	-592.747	-2221.02	-9.19219	12916.8	-3447.28	11.3948	2298.77	8.61349e-07	0.00408858	256	0.197259	0	0	1.94934e+08
13	0	3.2099e-11	1.2014e-11	6.007e-12	2816.36	674.954	20.9276	-2775.68	11582.6	-21.0265	2896.19	2.05525e-06	0.0074385	512	0.394518	0	0	2.55149e+08
16	0	3.15948e-11	1.2014e-11	6.007e-12	5.36461	-3286.88	-5.46881	11180	18.1096	75.6531	3286.88	1.08282e-06	0.00696829	512	0.394518	0	0	2.74719e+08
36	0	3.38087e-11	1.2014e-11	6.007e-12	-912.546	2785.07	-2.57521	-11251.4	-3686.63	-46.7835	2930.76	9.34524e-07	0.00404782	512	0.394518	0	0	2.4208e+08
45	0	3.10877e-11	1.2014e-11	6.007e-12	858.485	3629.57	-19.1049	-10213.6	2415.5	-52.8218	3729.76	3.31339e-07	0.00718108	512	0.394518	0	0	2.99409e+08
54	0	3.22194e-11	1.2014e-11	6.007e-12	3122.1	642.835	1.29284	-2289.53	11119.6	60.991	3187.59	3.29758e-07	0.00538752	512	0.394518	0	0	2.673e+08
60	0	3.35804e-11	1.2014e-11	6.007e-12	2480.28	-2085.19	7.38671	7246.13	8618.91	-26.0725	3240.34	5.62521e-06	0.00324931	512	0.394518	0	0	2.56918e+08
64	0	3.16462e-11	1.2014e-11	6.007e-12	1671.71	2464.93	9.66162	-9720.31	6591.9	95.9673	2978.34	2.31477e-06	0.00879137	512	0.394518	0	0	2.62239e+08
82	0	3.14719e-11	1.2014e-11	6.007e-12	-768.247	-3616.22	-19.8456	10311.8	-2190.75	7.94535	3696.97	1.37958e-06	0.00542074	512	0.394518	0	0	2.94164e+08
84	0	3.19083e-11	1.2014e-11	6.007e-12	-652.351	-2703.18	-12.0932	11815.4	-2851.83	98.2015	2780.79	6.63296e-06	0.00917529	512	0.394518	0	0	2.50992e+08
85	0	3.18358e-11	1.2014e-11	6.007e-12	3085.78	1178.94	-15.062	-3980.36	10417.8	-43.0859	3303.36	1.48137e-06	0.00597629	512	0.394518	0	0	2.73057e+08
139	0	3.22494e-11	1.2014e-11	6.007e-12	1565.05	-2601.27	15.9889	9968.32	5997.21	-36.344	3035.83	2.42257e-07	0.00612365	512	0.394518	0	0	2.59367e+08
27	0	3.15886e-11	1.2014e-11	6.007e-12	4151.35	937.299	8.93688	-2163.88	9584.14	-26.7803	4255.86	2.63424e-06	0.00344073	1024	0.789037	0	0	3.12499e+08
56	0	3.10653e-11	1.2014e-11	6.007e-12	2923.49	-3213.5	9.39922	7193.28	6544.22	41.9993	4344.35	9.64158e-07	0.00483042	1024	0.789037	0	0	3.23039e+08
159	0	8.91144e-11	1.2014e-11	6.007e-12	3310.46	-2693.82	0.55001	6192.65	7610.2	-0.249496	4267.99	3.31873e-07	0.000131354	1024	0.789037	0	0	1.11421e+08
