#ID	Type	M	WM	SWM	x	y	z	xv	vy	vz	a	e	i	N	dt	init_time	formation_time	P
61	0	6.53858e-08	0	0	-40.1609	-82.8064	0.736192	65456.2	-23344.6	-79.4726	100.238	0.135839	0.0080039	2	0.00154109	0	0	23236.7
114	0	2.94687e-08	0	0	-108.084	43.6672	1.29339	-15335.5	-51708.6	-21.967	99.2503	0.198305	0.0111141	2	0.00154109	0	0	51369.8
127	1	1.57385e-06	0	0	25.6097	61.4021	-0.00565002	-72449.3	30306.3	-23.7981	66.4404	0.00169169	0.000314624	2	0.00154109	0	132291	794.388
123	0	3.91425e-08	0	0	138.726	13.5805	-0.87923	-15166.3	48190.6	-117.516	122.915	0.244068	0.0073146	2	0.00154109	0	0	42849
58	0	4.08567e-08	0	0	-41.6219	80.9681	-0.477661	-67744.4	-32904.6	1760.28	122.621	0.258463	0.024072	2	0.00154109	0	0	41249.1
42	0	2.65419e-08	0	0	77.8664	-114.265	-1.05942	42091.2	24542.6	-564.366	115.146	0.212369	0.0134638	2	0.00154109	0	0	61267.9
98	0	8.15298e-09	0	0	-87.5776	-140.79	0.241547	41065.4	-19859.2	-670.409	142.924	0.191176	0.0146963	2	0.00154109	0	0	222457
195	0	4.75805e-08	0	0	142.392	-29.8159	-0.569633	1013.92	48850.5	3254.62	126.408	0.236668	0.0670526	2	0.00154109	0	0	35718.5
201	1	2.08116e-07	0	0	70.2651	-135.695	-2.70987	38583	30168.4	188.446	137.976	0.212937	0.0177414	2	0.00154109	34298.6	0	8542.64
102	0	4.51394e-07	0	0	-145.214	-75.8858	1.05058	26525.3	-42630.2	205.447	164.735	0.0751419	0.00788272	2	0.00154109	0	596782	4336.06
167	0	5.533e-07	0	0	-114.912	-120.128	1.132	28246.4	-33890.4	230.955	137.118	0.239198	0.0081603	2	0.00154109	0	511432	3222.18
118	0	2.49335e-08	0	0	-48.8975	-163.527	1.83212	49070.8	-15650.2	82.4257	190.111	0.103741	0.0108254	2	0.00154109	0	0	84019.5
9	1	2.46791e-07	0	0	-74.7638	218.121	-5.42836	-38629.6	-13498.1	-907.296	217.68	0.0597953	0.0324248	2	0.00154109	0	0	9058.08
25	0	9.52248e-09	0	0	92.5069	217.555	9.39296	-38585.5	10941.6	-672.309	220.406	0.145508	0.0414449	2	0.00154109	0	0	236616
7	1	2.70347e-07	0	0	121.114	-100.666	0.377977	37068	39269.2	-434.768	178.532	0.133467	0.00856191	2	0.00154109	0	0	7490.89
29	0	9.88937e-08	0	0	-154.991	-106.505	-3.94383	25509	-42394.5	1352.74	214.136	0.135282	0.0354972	2	0.00154109	0	0	22544.4
196	0	2.78553e-08	0	0	113.463	105.068	1.09731	-31171.5	40763.9	-424.249	153.299	0.0943701	0.0114403	2	0.00154109	0	0	67294.6
50	0	1.94639e-08	0	0	-157.082	119.793	2.16746	-26534.9	-40286.5	-929.61	224.348	0.137774	0.0215549	2	0.00154109	0	0	117016
71	0	5.37921e-08	0	0	207.204	-151.238	-1.82916	23182.1	28720.2	653.935	223.238	0.15665	0.0194377	2	0.00154109	0	0	42287.7
153	0	2.22093e-07	0	0	-9.60477	206.109	-0.128424	-46624.8	-4655.63	296.51	229.937	0.115373	0.00633449	2	0.00154109	0	0	10357
170	0	1.21769e-07	0	0	165.16	147.285	3.84811	-33439.4	28003.6	-316.12	226.972	0.14705	0.0180319	2	0.00154109	0	0	18716.8
161	0	2.51281e-07	0	0	-217.384	-35.4116	6.04952	6912.37	-43138.6	-981.582	225.779	0.0242046	0.0355156	2	0.00154109	0	0	9068.09
148	0	6.27939e-09	0	0	50.0913	-266.295	-1.8516	36847.6	9188.46	-274.896	258.367	0.0760154	0.0102578	2	0.00154109	0	0	386361
144	0	6.15033e-08	0	0	-70.8412	-282.619	-0.707153	36870.7	-8180.05	-57.2618	294.761	0.0296055	0.00289764	2	0.00154109	0	0	42358.2
26	0	1.18427e-07	0	0	-313.744	22.7329	-0.731409	-3036.86	-35197.5	-163.432	301.196	0.0464692	0.00514938	2	0.00154109	0	0	22326.7
185	0	3.80851e-08	0	0	76.3443	291.005	-1.81545	-35633.1	10567.3	-335.139	304.4	0.0338385	0.0106946	2	0.00154109	0	0	69515
24	0	6.06861e-08	0	0	310.582	-22.3681	1.02477	3686.77	36312.1	-93.8922	314.425	0.0308248	0.00423785	2	0.00154109	0	0	44332.1
14	0	7.08836e-08	0	3.0035e-13	-279.962	164.255	1.69959	-17237.1	-31056.6	-152.587	323.547	0.0241326	0.00669485	2	0.00154109	0	0	38413.1
4	1	2.30803e-07	0	3.00951e-10	41.9867	-375.996	-0.433864	32745.3	3699.47	16.128	378.329	0.0012934	0.00124626	16	0.0123287	0	0	12778.4
6	1	2.05243e-07	0	3.0035e-10	-171.462	-368.001	0.0455824	29008.9	-13147.2	1.98672	406.939	0.0107576	0.000129019	16	0.0123287	0	0	14932.7
33	0	3.26201e-08	0	3.0035e-13	77.2312	-344.511	-0.532172	33290.6	7433.81	94.6446	353.014	0.000840723	0.00315873	16	0.0123287	0	0	87253.7
90	0	6.69339e-09	0	3.0035e-13	-197.512	343.518	-2.27075	-27922.4	-16011	176.496	395.956	0.00137326	0.00793589	16	0.0123287	0	0	450719
154	0	6.53632e-09	0	3.0035e-13	-85.5949	361.607	-3.06597	-32383.5	-7624.98	-45.5391	372.028	0.00163462	0.00836173	16	0.0123287	0	0	450087
160	0	4.95315e-09	0	3.0035e-13	208.543	-342.541	2.08562	27132.8	16917.2	-312.675	400.25	0.0108732	0.011027	16	0.0123287	0	0	609958
11	0	6.36464e-08	0	3.0035e-12	69.8471	-472.168	0.646114	28006.4	1159.11	-15.0216	439.018	0.136422	0.00151587	16	0.0123287	0	0	50286.3
145	0	9.02698e-08	0	3.0035e-12	366.795	267.088	-0.644107	-20342.2	21587.4	-70.4143	441.229	0.12909	0.00293885	16	0.0123287	0	0	35514
179	0	1.42321e-08	0	3.0035e-12	485.098	-43.2839	-0.808029	780.833	28816.6	126.028	479.874	0.0636316	0.00458787	16	0.0123287	0	0	234189
174	0	1.69894e-07	0	6.007e-12	-358.732	-244.172	-0.444311	14631.8	-27809.3	-24.0252	453.418	0.120822	0.0012144	16	0.0123287	0	0	19156.6
38	0	2.77158e-09	0	3.0035e-12	-495.27	-84.8464	1.64421	3959.72	-28132.5	179.468	496.124	0.0324855	0.00703009	16	0.0123287	0	0	1.21941e+06
74	0	4.26902e-08	0	3.0035e-12	-176.519	-416.791	-0.430181	25943.8	-14999.6	-137.564	447.884	0.123723	0.00460667	16	0.0123287	0	0	75418.6
57	0	2.64567e-09	0	3.0035e-13	424.533	-34.5223	-2.25638	2789.67	30999.2	-223.722	427.803	0.0096825	0.00889248	16	0.0123287	0	0	1.18816e+06
28	0	2.9558e-09	0	3.0035e-12	397.982	-170.567	4.79653	12517.6	28188.4	138.476	434.156	0.0133217	0.0118991	16	0.0123287	0	0	1.06893e+06
17	0	3.23561e-09	0	3.0035e-13	345.455	-232.064	2.52462	17520.3	26140.5	-224.101	417.489	0.00334004	0.00934982	16	0.0123287	0	0	963009
3	1	6.97514e-08	0	3.0035e-09	483.069	-180.713	0.857783	9783.68	26526.6	140.147	517.588	0.00580998	0.00523576	32	0.0246574	0	0	49413.9
43	0	5.47194e-09	0	3.0035e-12	548.781	91.5544	0.241423	-4416.44	26881.6	69.0283	559.147	0.00555398	0.00256972	32	0.0246574	0	0	656172
48	0	1.85212e-08	0	3.0035e-12	-500.805	177.106	0.385003	-9321.51	-26171.6	-27.3756	530.1	0.0030535	0.00122453	32	0.0246574	0	0	187858
88	0	1.69349e-09	0	3.0035e-12	-503.352	-218.359	-2.50411	10878.6	-25088.4	-34.0909	547.926	0.00138826	0.0047309	32	0.0246574	0	0	2.1083e+06
96	0	1.34953e-09	6.007e-12	6.007e-12	39.1171	602.184	-1.12719	-26041	1701.07	115.845	603.635	0.000463939	0.00481665	32	0.0246574	0	0	2.77669e+06
100	0	4.91547e-10	1.2014e-11	6.007e-12	-323.214	566.882	-4.60184	-21800.7	-12422.8	-27.8854	652.565	0.000254375	0.00713872	32	0.0246574	0	0	7.8436e+06
106	0	1.43543e-09	0	3.0035e-12	487.118	-313.446	1.93139	14398.8	22408.8	112.74	579.426	0.000701935	0.00538983	32	0.0246574	0	0	2.55411e+06
107	0	6.02409e-09	0	3.0035e-12	530.739	113.15	-0.368433	-5755.33	26929.6	117.142	543.558	0.00171534	0.00430732	32	0.0246574	0	0	588566
117	0	6.68097e-10	6.007e-12	6.007e-12	456.888	-421.56	4.01851	17430.6	18894.9	9.60988	621.63	0.000113466	0.00647492	32	0.0246574	0	0	5.66728e+06
129	0	2.66336e-09	0	3.0035e-12	-433.182	319.436	2.63664	-16433.7	-22192.1	-111.867	537.688	0.00222908	0.00636298	32	0.0246574	0	0	1.31417e+06
143	0	7.90933e-10	6.007e-12	6.007e-12	560.474	-198.518	4.64801	8754.06	24785.2	-2.7698	594.589	0.000888542	0.00781759	32	0.0246574	0	0	4.66296e+06
165	0	9.08481e-09	6.007e-12	6.007e-12	315.904	542.192	1.05354	-22110.2	12887.4	24.0882	627.71	0.000361847	0.00192462	32	0.0246574	0	0	418327
181	0	8.53575e-09	0	3.0035e-12	369.667	420.974	0.985327	-20273.8	17987.4	80.5589	561.188	0.00538861	0.00344596	32	0.0246574	0	0	422447
198	0	6.65624e-09	1.2014e-11	1.2014e-11	503.05	320.358	-1.0566	-14101.1	22145.3	-54.6631	596.715	0.000536214	0.00273375	32	0.0246574	0	0	556572
202	1	9.27597e-08	1.2014e-08	6.007e-09	-376.164	-750.771	-0.326113	19775.7	-9907.93	4.49486	839.699	4.78724e-05	0.000438303	64	0.0493148	259850	0	47349
10	1	5.28936e-08	1.2014e-08	6.007e-09	513.949	-457.349	-0.564204	16242.7	18259.2	-99.1072	688.028	0.000185418	0.00413762	64	0.0493148	0	0	75334.4
18	0	4.75663e-10	1.2014e-11	6.007e-12	-725.405	-118.593	-3.49809	3825.37	-23324.2	-6.91197	734.649	0.000739193	0.00476816	64	0.0493148	0	0	8.62972e+06
20	0	4.17708e-10	1.2014e-11	6.007e-12	575.378	450.984	-4.0392	-14625.2	18658.2	28.8773	731.115	7.111e-05	0.00565772	64	0.0493148	0	0	9.80873e+06
22	0	1.53598e-10	1.2014e-11	6.007e-12	242.047	-778.441	4.41358	21437.2	6666.38	129.827	815.259	5.39472e-05	0.00792178	64	0.0493148	0	0	2.8287e+07
23	0	4.76398e-08	1.2014e-11	6.007e-12	-665.979	323.434	0.252766	-10292.7	-21189	8.82555	740.334	9.38737e-05	0.000506855	64	0.0493148	0	0	86865.7
44	0	2.2637e-09	1.2014e-11	6.007e-12	418.42	-691.039	-0.414945	19290.4	11681.6	-39.7542	807.843	5.06176e-05	0.00183613	64	0.0493148	0	0	1.91032e+06
47	0	8.61085e-11	1.2014e-11	6.007e-12	623.885	826.233	-6.64754	-15897.2	12004.5	59.4967	1035.36	1.35645e-05	0.00708134	64	0.0493148	0	0	5.69636e+07
63	0	8.10154e-11	1.2014e-11	6.007e-12	906.673	302.512	-1.25284	-6562.03	19665.9	-195.68	955.797	1.66369e-05	0.00952899	64	0.0493148	0	0	5.77345e+07
104	0	1.76993e-10	1.2014e-11	6.007e-12	-94.9853	-799.754	-5.64582	22428	-2662.96	49.3658	805.361	6.42759e-05	0.00734282	64	0.0493148	0	0	2.43006e+07
112	0	1.68119e-09	1.2014e-11	6.007e-12	624.939	718.329	0.106335	-15672.1	13634.7	-27.828	952.147	2.17239e-05	0.00134427	64	0.0493148	0	0	2.77156e+06
121	0	4.22192e-10	1.2014e-11	6.007e-12	3.66468	-781.786	0.998174	22923.4	108.542	-99.9357	781.763	6.68468e-05	0.00454253	64	0.0493148	0	0	1.00894e+07
136	0	4.26691e-10	2.4028e-11	1.2014e-11	705.312	-258.553	-0.287066	8047.8	21959.1	153.156	751.301	0.000147057	0.00655968	64	0.0493148	0	0	9.74407e+06
140	0	5.5618e-10	1.2014e-11	6.007e-12	172.355	-641.793	-3.69793	24011.6	6452.75	40.5908	664.484	0.000200165	0.00579891	64	0.0493148	0	0	7.00105e+06
142	0	8.19343e-11	1.2014e-11	6.007e-12	-1014.27	163.464	7.82368	-3182.25	-19742.6	-20.3184	1027.38	1.77915e-05	0.00768269	64	0.0493148	0	0	5.9414e+07
155	0	4.60485e-09	2.4028e-11	1.2014e-11	109.657	-698.235	1.0496	23816.5	3744.96	47.4852	706.742	0.000199617	0.00246691	64	0.0493148	0	0	878442
168	0	1.62611e-09	1.2014e-11	6.007e-12	-31.9175	712.996	1.78901	-23969.8	-1070.91	-31.4551	713.765	0.000112288	0.00282885	64	0.0493148	0	0	2.49565e+06
180	0	9.24303e-11	1.2014e-11	6.007e-12	-435.394	-892.543	-2.10347	18280.3	-8917.49	142.791	993.062	1.94878e-05	0.00733285	64	0.0493148	0	0	5.20013e+07
188	0	1.67997e-10	1.2014e-11	6.007e-12	-764.588	-3.7821	0.186107	113.672	-23178.8	207.026	764.548	7.81873e-05	0.00893467	64	0.0493148	0	0	2.50257e+07
191	0	1.59568e-08	1.2014e-11	6.007e-12	-651.3	251.678	-0.468212	-8749.01	-22624.5	12.3238	698.234	0.000244021	0.000841387	64	0.0493148	0	0	250928
203	1	3.04088e-08	1.2014e-08	6.007e-09	691.164	1364.37	-14.4094	-14620.7	7406.07	-51.8039	1529.51	3.79392e-06	0.00993715	128	0.0986296	363422	0	194659
35	0	6.18825e-11	1.2014e-11	6.007e-12	-1125.81	-61.6729	6.38999	1043.28	-19060	-126.207	1127.52	7.26821e-06	0.0087082	128	0.0986296	0	0	8.22434e+07
51	0	6.64029e-11	1.2014e-11	6.007e-12	1276.39	-485.359	-5.15271	6164.86	16212.9	-44.9425	1365.57	4.34411e-06	0.00457728	128	0.0986296	0	0	8.47833e+07
68	0	4.25697e-11	1.2014e-11	6.007e-12	-948.621	-1096.17	-8.75125	12730	-11015.6	-124.229	1449.67	9.17747e-07	0.00953407	128	0.0986296	0	0	1.36317e+08
69	0	4.29796e-11	1.2014e-11	6.007e-12	-938.674	1167.28	6.12298	-12906.3	-10377.9	-124.779	1497.9	5.76993e-06	0.0085718	128	0.0986296	0	0	1.37088e+08
76	0	5.88153e-11	1.2014e-11	6.007e-12	-825.997	-752.351	-4.74796	12912.2	-14176.9	166.819	1117.33	3.8386e-05	0.00968173	128	0.0986296	0	0	8.61103e+07
79	0	1.44221e-10	1.2014e-11	6.007e-12	341.886	-1377.72	-2.51246	16511.9	4097.61	-5.87247	1419.51	5.94013e-06	0.0018033	128	0.0986296	0	0	3.96153e+07
86	0	4.36192e-11	1.2014e-11	6.007e-12	1562.29	-526.412	10.3259	5040.2	14959.9	9.59057	1648.59	3.75124e-05	0.00629277	128	0.0986296	0	0	1.42046e+08
89	0	6.96794e-11	1.2014e-11	6.007e-12	1314.63	720.253	-2.6732	-7954.74	14519.1	-47.1708	1499	1.22239e-06	0.00336132	128	0.0986296	0	0	8.44339e+07
91	0	5.06217e-11	1.2014e-11	6.007e-12	-714.006	-1080.25	-2.22073	14859.6	-9821.39	-148.814	1294.9	2.89049e-06	0.00852875	128	0.0986296	0	0	1.07711e+08
131	0	8.57927e-11	1.2014e-11	6.007e-12	-115.081	-1253.91	0.790583	17987.7	-1650.79	-74.5165	1259.19	6.07396e-06	0.00417279	128	0.0986296	0	0	6.27199e+07
137	0	6.58003e-10	1.2014e-11	6.007e-12	370.995	-1253.07	-0.964536	17001.5	5033.62	-8.08537	1306.83	2.40315e-06	0.000867574	128	0.0986296	0	0	8.32557e+06
138	0	7.20472e-11	1.2014e-11	6.007e-12	-409.729	-1194.28	-2.31578	17062.5	-5853.37	85.834	1262.6	2.90964e-05	0.00509953	128	0.0986296	0	0	7.51433e+07
152	0	4.52936e-11	1.2014e-11	6.007e-12	-880.327	-1180.83	0.83399	13389.7	-9982.32	-126.766	1472.87	3.84354e-06	0.00761114	128	0.0986296	0	0	1.28482e+08
157	0	1.4203e-10	1.2014e-11	6.007e-12	840.184	683.183	2.69039	-12288.7	15112.7	-57.3493	1082.9	1.31815e-05	0.00385241	128	0.0986296	0	0	3.50199e+07
197	0	8.14796e-08	1.2014e-11	6.007e-12	876.082	-654.263	-0.160062	11598.7	15531.3	0.62444	1093.43	8.50937e-06	0.000149888	128	0.0986296	0	0	61309.7
5	1	3.14371e-08	1.2014e-08	6.007e-09	-569.613	1607.94	3.49305	-14628.4	-5182.26	72.0357	1705.86	6.06816e-06	0.00507329	256	0.197259	0	0	199603
15	0	3.3316e-11	1.2014e-11	6.007e-12	1035.88	-2021.59	-0.311575	11968.4	6132.72	-132.163	2271.53	2.23904e-06	0.00982824	256	0.197259	0	0	2.16961e+08
30	0	3.51577e-11	1.2014e-11	6.007e-12	1625.57	-1988.25	-7.34923	9792.05	8005.7	44.6347	2568.21	7.6839e-07	0.00454339	256	0.197259	0	0	2.19547e+08
53	0	3.27946e-11	1.2014e-11	6.007e-12	2449.33	759.67	-19.9127	-3749.23	12089.2	39.6254	2564.51	1.28877e-06	0.00837218	256	0.197259	0	0	2.33342e+08
75	0	4.66105e-11	1.2014e-11	6.007e-12	-541.578	1708.39	-5.56806	-14433	-4575.49	-42.7105	1792.2	5.63376e-06	0.0041964	256	0.197259	0	0	1.38409e+08
80	0	1.23215e-10	1.2014e-11	6.007e-12	790.63	-1754.19	1.74076	13322	6004.31	1.92187	1924.14	4.66585e-06	0.000914205	256	0.197259	0	0	5.39956e+07
83	0	8.27571e-11	1.2014e-11	6.007e-12	-1549.38	702.025	-2.93542	-6413.6	-14158.2	38.7618	1701.39	0.000240254	0.00303256	256	0.197259	0	0	7.53271e+07
103	0	7.16662e-11	1.2014e-11	6.007e-12	-1919.9	238.187	-3.10783	-1794.26	-14462	-0.619069	1934.62	5.13022e-06	0.00160699	256	0.197259	0	0	9.28952e+07
132	0	3.72337e-11	1.2014e-11	6.007e-12	-734.939	1633.34	8.42709	-13811.6	-6214.03	-113.038	1791.09	4.45212e-06	0.00882282	256	0.197259	0	0	1.7348e+08
134	0	3.75734e-11	1.2014e-11	6.007e-12	619.581	1799.89	7.95925	-13891.1	4781.48	86.0527	1903.56	7.99679e-06	0.0071967	256	0.197259	0	0	1.76796e+08
135	0	3.51189e-11	1.2014e-11	6.007e-12	2171.31	297.658	15.4866	-1859.42	13564.9	-15.5095	2191.68	5.78445e-06	0.00715641	256	0.197259	0	0	2.01623e+08
171	0	4.52065e-11	1.2014e-11	6.007e-12	2225.16	-100.007	-1.01159	609.781	13567.7	-33.2211	2227.41	5.24125e-06	0.00248787	256	0.197259	0	0	1.588e+08
173	0	3.67359e-11	1.2014e-11	6.007e-12	25.4497	-2300.1	-10.3638	13363.7	147.955	-21.758	2300.26	7.06603e-07	0.00479061	256	0.197259	0	0	1.98631e+08
176	0	3.99749e-11	1.2014e-11	6.007e-12	-26.0139	-1736	10.2547	15381.3	-230.438	-71.534	1736.26	3.78361e-05	0.00751715	256	0.197259	0	0	1.58623e+08
184	0	3.79474e-11	1.2014e-11	6.007e-12	2107.17	918.774	7.25417	-5343.39	12254.6	34.708	2298.77	9.3655e-07	0.00408637	256	0.197259	0	0	1.92538e+08
13	0	3.22213e-11	1.2014e-11	6.007e-12	2770.58	843.414	20.5812	-3468.45	11394.3	-26.1792	2896.19	2.11889e-06	0.00743853	512	0.394518	0	0	2.5418e+08
16	0	3.16867e-11	1.2014e-11	6.007e-12	2444.16	2197.57	20.2128	-7474.9	8313.99	-36.6419	3286.88	1.06362e-06	0.0069684	512	0.394518	0	0	2.73922e+08
36	0	3.40365e-11	1.2014e-11	6.007e-12	2587.08	1377.04	10.9662	-5563.12	10451.7	-18.2819	2930.76	9.76176e-07	0.00404783	512	0.394518	0	0	2.40461e+08
45	0	3.11494e-11	1.2014e-11	6.007e-12	-3047.03	-2150.98	1.88355	6052.7	-8574.08	75.1815	3729.76	3.33072e-07	0.00718105	512	0.394518	0	0	2.98816e+08
54	0	3.23491e-11	1.2014e-11	6.007e-12	-1914.15	2548.84	14.9331	-9078.18	-6817.43	-30.2039	3187.59	3.24498e-07	0.0053875	512	0.394518	0	0	2.66229e+08
60	0	3.37939e-11	1.2014e-11	6.007e-12	485.305	3203.77	-10.2544	-11133.3	1686.37	-8.29839	3240.34	5.60155e-06	0.0032493	512	0.394518	0	0	2.55295e+08
64	0	3.17412e-11	1.2014e-11	6.007e-12	260.825	-2966.81	-22.8619	11699.8	1028.95	-50.3313	2978.34	2.26898e-06	0.00879134	512	0.394518	0	0	2.61454e+08
82	0	3.15565e-11	1.2014e-11	6.007e-12	-3011.42	2144.51	5.34452	-6115.07	-8586.95	-55.0758	3696.97	1.38441e-06	0.00542079	512	0.394518	0	0	2.93376e+08
84	0	3.20191e-11	1.2014e-11	6.007e-12	-651.663	2703.33	0.5198	-11816.2	-2848.37	-111.503	2780.79	6.69556e-06	0.00917533	512	0.394518	0	0	2.50123e+08
85	0	3.19423e-11	1.2014e-11	6.007e-12	-3299.66	-155.98	10.3223	526.783	-11139.7	56.8115	3303.36	1.4751e-06	0.0059762	512	0.394518	0	0	2.72147e+08
139	0	3.23809e-11	1.2014e-11	6.007e-12	2367.42	-1900.38	11.727	7282.43	9071.84	-55.2769	3035.83	2.1031e-07	0.0061237	512	0.394518	0	0	2.58314e+08
27	0	3.16802e-11	1.2014e-11	6.007e-12	204.266	-4250.96	9.87998	9814.02	471.655	24.9519	4255.86	2.60303e-06	0.00344073	1024	0.789037	0	0	3.11596e+08
56	0	3.11257e-11	1.2014e-11	6.007e-12	-4313.37	517.505	-19.3841	-1158.37	-9655.57	-17.9958	4344.35	9.76021e-07	0.00483044	1024	0.789037	0	0	3.22412e+08
159	0	9.39178e-11	1.2014e-11	6.007e-12	3432.51	2536.47	0.0329457	-5830.93	7890.77	-1.28592	4267.99	3.49671e-07	0.00013129	1024	0.789037	0	0	1.05722e+08
