#ID	Type	M	WM	SWM	x	y	z	xv	vy	vz	a	e	i	N	dt	init_time	formation_time	P
61	0	6.53858e-08	0	0	53.4106	87.4125	-0.892569	-48335.8	39475.6	156.445	99.5652	0.13889	0.00947612	2	0.00154109	0	0	23281.9
114	0	2.94687e-08	0	0	-70.0789	94.8057	0.506034	-43853.1	-29883.3	-96.3311	98.9136	0.195566	0.00472749	2	0.00154109	0	0	51127.5
127	1	1.58389e-06	0	0	-3.6444	-65.5376	0.0138207	79056.6	-4326.1	18.6394	65.737	0.00173494	0.000315982	2	0.00154109	0	132291	787.996
123	0	3.91425e-08	0	0	90.8739	79.3266	-0.961442	-48636.1	33179.7	279.31	122.814	0.252335	0.00845731	2	0.00154109	0	0	42919.9
58	0	4.08567e-08	0	0	-89.8696	33.7586	1.66307	-36297.1	-62325.1	769.452	122.438	0.270718	0.0190301	2	0.00154109	0	0	40898.5
42	0	2.66298e-08	0	0	-93.1384	-6.5967	0.896545	-3944.72	-72083.2	-407.072	114.499	0.221639	0.0118197	2	0.00154109	0	0	61050.9
98	0	8.15298e-09	0	0	0.962909	126.51	0.298201	-59421.6	8880.6	-14.7529	142.4	0.178545	0.00242784	2	0.00154109	0	0	221527
195	0	4.75805e-08	0	0	83.0373	-133.039	-6.72718	38454.1	22241.2	2972.87	126.317	0.244486	0.0805653	2	0.00154109	0	0	35769.7
201	1	2.08116e-07	0	0	-107.06	-128.197	1.9276	31247.7	-31233.9	767.633	138.481	0.223992	0.0200593	2	0.00154109	34298.6	0	8578.75
102	0	4.51394e-07	0	0	60.8915	-140.621	0.40936	48802.9	22130.4	-449.078	164.963	0.0730898	0.00875341	2	0.00154109	0	596782	4324.11
167	0	5.533e-07	0	0	-17.5369	-166.42	-0.423039	43503.7	-1139.45	-200.226	136.205	0.241106	0.00543813	2	0.00154109	0	511432	3228.12
118	0	2.49335e-08	0	0	89.5942	187.537	-2.37733	-37589.1	19116.1	322.862	188.912	0.10323	0.0139243	2	0.00154109	0	0	84114.3
9	1	2.46791e-07	0	0	206.121	76.1344	3.76102	-12475.6	41192.6	-1111.55	217.921	0.0598375	0.0318695	2	0.00154109	0	0	9038.02
25	0	9.55686e-09	0	0	250.596	17.0734	8.49521	-1359.15	37355.5	799.693	219.515	0.148382	0.0394427	2	0.00154109	0	0	234959
7	1	2.70349e-07	0	0	-7.70425	188.203	-1.11084	-45075.1	3169.48	265.289	177.057	0.12773	0.00882497	2	0.00154109	0	0	7528.86
29	0	9.88938e-08	0	0	176.72	-150.794	8.13614	29274.4	27449.9	209.715	213.498	0.141826	0.0350341	2	0.00154109	0	0	22419.5
196	0	2.78553e-08	0	0	-159.324	5.66827	-1.60651	2161	-49660.2	534.929	153.141	0.0890469	0.0141936	2	0.00154109	0	0	67434.2
50	0	1.94639e-08	0	0	79.6481	-219.156	-4.08185	40204.5	8713.86	650.685	224.435	0.139907	0.02535	2	0.00154109	0	0	116926
71	0	5.38119e-08	0	0	103.418	195.381	4.74224	-41011	13960.1	-400.229	223.379	0.158533	0.0222507	2	0.00154109	0	0	42218.9
153	0	2.22113e-07	0	0	3.18969	208.28	0.634207	-46361.3	-2175.16	302.515	229.459	0.111025	0.00737761	2	0.00154109	0	0	10399.3
170	0	1.21781e-07	0	0	17.2664	-251.509	1.15216	38091.1	-561.574	769.021	227.297	0.136973	0.0203914	2	0.00154109	0	0	18877.7
161	0	2.51283e-07	0	0	159.892	166.93	-0.147123	-30632.6	28153.1	1594.74	225.577	0.0321885	0.0383123	2	0.00154109	0	0	9084.26
148	0	6.2794e-09	0	0	-217.036	135.038	2.85742	-23947.6	-32376.5	-138.967	257.966	0.0806486	0.0119986	2	0.00154109	0	0	387561
144	0	6.23927e-08	0	0	285.906	41.4092	0.506274	-4879.68	37778.5	193.706	294.878	0.0254768	0.00535371	2	0.00154109	0	0	41721.7
26	0	1.18439e-07	0	0	46.1198	292.132	0.761347	-36856.3	7488.01	-159.815	301.236	0.0474576	0.00506874	2	0.00154109	0	0	22318.6
185	0	3.80852e-08	0	0	229.875	-189.702	1.55619	23115.4	29555.5	-276.717	304.55	0.0338305	0.00892661	2	0.00154109	0	0	69446.4
24	0	6.25727e-08	0	0	-187.711	-244.803	0.0426325	29722.9	-21746.1	63.6531	314.27	0.0290762	0.00173742	2	0.00154109	0	0	43038.4
14	0	7.09124e-08	0	3.0035e-13	-266.488	188.207	1.82738	-19667.6	-29355.9	-175.957	323.505	0.0260679	0.0074046	2	0.00154109	0	0	38407.6
4	1	2.30829e-07	0	3.00951e-10	371.419	69.5848	0.329485	-6012.22	32442.6	40.231	378.373	0.00235404	0.0014976	16	0.0123287	0	0	12773.9
6	1	2.05448e-07	0	3.0035e-10	369.445	-158.831	0.0353295	12674.7	29551.7	-4.67423	407.034	0.0120525	0.000169786	16	0.0123287	0	0	14910.9
33	0	3.28756e-08	0	3.0035e-13	-32.0454	351.474	0.622349	-33979.4	-3121.22	-88.5361	353.003	0.000709737	0.00313616	16	0.0123287	0	0	86581
90	0	6.80806e-09	0	3.0035e-13	341.947	201.544	-2.70822	-16242.8	27730.6	-148.435	396.076	0.00350305	0.00822876	16	0.0123287	0	0	442860
154	0	6.6658e-09	0	3.0035e-13	-297.399	-224.64	1.75551	19961.1	-26491.9	224.671	372.025	0.0022091	0.00824524	16	0.0123287	0	0	441351
160	0	5.04617e-09	0	3.0035e-13	-401.812	-30.0122	4.03833	2115.05	-31757.4	180.497	400.37	0.0103587	0.0114757	16	0.0123287	0	0	605289
11	0	6.55502e-08	0	3.0035e-12	92.4634	-471.972	0.80112	27677.6	2615.73	-54.2862	439.118	0.137105	0.00270253	16	0.0123287	0	0	48804.3
145	0	9.19051e-08	0	3.0035e-12	182.184	-454.614	1.24631	26135.8	7994.07	-49.4731	441.406	0.137868	0.00325627	16	0.0123287	0	0	34854.4
179	0	1.43841e-08	0	3.0035e-12	-24.191	442.224	2.10759	-31434	-2268.68	12.124	476.58	0.0727892	0.00478165	16	0.0123287	0	0	229579
174	0	1.72108e-07	0	6.007e-12	98.6473	-478.807	-0.0822527	27563.9	2893.64	12.5946	450.146	0.130439	0.000502303	16	0.0123287	0	0	18749.2
38	0	2.82336e-09	0	3.0035e-12	-103.771	464.919	-2.78249	-29257.5	-6158.3	129.243	494.407	0.0384444	0.00730919	16	0.0123287	0	0	1.19156e+06
74	0	4.29399e-08	0	3.0035e-12	365.57	-344.172	-2.00401	18790.9	18979.4	136.754	445.021	0.130649	0.00657286	16	0.0123287	0	0	74217.7
57	0	2.70817e-09	0	3.0035e-13	-171.985	396.713	-0.932047	-28111.5	-12233.6	269.435	427.796	0.0108316	0.00904573	16	0.0123287	0	0	1.16078e+06
28	0	3.00244e-09	0	3.0035e-12	96.5908	429.882	0.519278	-29571.4	6630.87	-382.68	434.127	0.0149186	0.012681	16	0.0123287	0	0	1.05247e+06
17	0	3.30631e-09	0	3.0035e-13	308.819	-278.509	2.21604	21108.3	23371.8	-233.896	417.51	0.00400348	0.00914377	16	0.0123287	0	0	942328
3	1	7.01141e-08	0	3.0035e-09	159.567	-493.636	-1.4148	26685.6	8828.15	124.616	517.56	0.00725161	0.00518926	32	0.0246574	0	0	49163.8
43	0	5.60109e-09	0	3.0035e-12	399.876	388.162	0.927773	-18843	19616.4	49.8576	559.283	0.00634212	0.00246971	32	0.0246574	0	0	640732
48	0	1.86346e-08	0	3.0035e-12	65.379	-526.85	-0.707948	27574.6	3517.3	-7.74948	530.094	0.00372499	0.00136327	32	0.0246574	0	0	186720
88	0	1.74184e-09	0	3.0035e-12	-239.244	-493.824	-2.26006	24617.5	-11900.2	57.3281	547.928	0.00170595	0.00462003	32	0.0246574	0	0	2.04976e+06
96	0	1.38126e-09	6.007e-12	6.007e-12	441.461	-411.615	-1.39251	17781.7	19093	-109.677	603.635	0.000570019	0.00479626	32	0.0246574	0	0	2.71291e+06
100	0	5.00824e-10	1.2014e-11	6.007e-12	294.816	581.977	-1.96983	-22387.5	11344.8	-162.633	652.567	0.000306942	0.00714839	32	0.0246574	0	0	7.69828e+06
106	0	1.46833e-09	0	3.0035e-12	448.9	365.573	2.91155	-16827.8	20666.4	-50.6913	579.425	0.00085097	0.00537696	32	0.0246574	0	0	2.49689e+06
107	0	6.1235e-09	0	3.0035e-12	-166.71	-518.277	-1.87978	26141.5	-8369.67	-73.579	543.56	0.002095	0.00437401	32	0.0246574	0	0	579009
117	0	6.82225e-10	6.007e-12	6.007e-12	446.926	-432.196	4.00879	17864.8	18481.3	10.0326	621.629	0.00026438	0.00645969	32	0.0246574	0	0	5.54994e+06
129	0	2.71228e-09	0	3.0035e-12	-173.749	508.574	3.4263	-26193.1	-8872.56	-21.4543	537.688	0.00263563	0.00642425	32	0.0246574	0	0	1.29047e+06
143	0	8.05652e-10	6.007e-12	6.007e-12	-522.504	283.534	-4.65572	-12562.1	-23095.5	-23.2786	594.589	0.00100426	0.0078805	32	0.0246574	0	0	4.57776e+06
165	0	9.25493e-09	6.007e-12	6.007e-12	-29.2013	-627.186	-1.20969	25550.1	-1180.61	-1.00996	627.709	0.000431194	0.00192709	32	0.0246574	0	0	410639
181	0	8.71388e-09	0	3.0035e-12	188.894	-526.355	-1.96174	25515.2	9298.04	6.27625	561.363	0.00620425	0.00351448	32	0.0246574	0	0	413554
198	0	6.78588e-09	1.2014e-11	1.2014e-11	327.303	-498.912	1.2089	21931.4	14407.9	-47.5395	596.713	0.000647132	0.002717	32	0.0246574	0	0	545945
202	1	9.35332e-08	1.2014e-08	6.007e-09	194.257	816.855	0.277503	-21520.9	5118.6	-6.36454	839.678	5.90528e-05	0.000438197	64	0.0493148	259850	0	46959.9
10	1	5.31411e-08	1.2014e-08	6.007e-09	-681.541	-95.1604	2.50637	3376.81	-24197.3	47.3723	688.017	0.000217642	0.00412599	64	0.0493148	0	0	74986
18	0	4.85453e-10	1.2014e-11	6.007e-12	21.0615	-734.479	-0.359839	23634.5	664.021	112.883	734.638	0.000609096	0.00479961	64	0.0493148	0	0	8.45595e+06
20	0	4.25383e-10	1.2014e-11	6.007e-12	-456.388	-571.228	3.65044	18518.4	-14796.4	-62.9519	731.105	8.63461e-05	0.00565511	64	0.0493148	0	0	9.63202e+06
22	0	1.55687e-10	1.2014e-11	6.007e-12	631.079	-516.027	6.30315	14211.1	17379.5	38.4549	815.26	5.08842e-05	0.00791936	64	0.0493148	0	0	2.79075e+07
23	0	4.82424e-08	1.2014e-11	6.007e-12	75.466	736.407	-0.172279	-23436.6	2403.94	10.5683	740.321	0.000120045	0.000505374	64	0.0493148	0	0	85784.1
44	0	2.31536e-09	1.2014e-11	6.007e-12	806.626	-43.613	-1.41807	1216.72	22520	-12.3352	807.846	6.3429e-05	0.00183871	64	0.0493148	0	0	1.86769e+06
47	0	8.69303e-11	1.2014e-11	6.007e-12	787.246	-672.454	-2.7067	12937.5	15147	-131.112	1035.36	1.66261e-05	0.00708204	64	0.0493148	0	0	5.64247e+07
63	0	8.17543e-11	1.2014e-11	6.007e-12	894.823	-335.925	4.67627	7287.12	19409.1	-169.467	955.801	1.21621e-05	0.00952634	64	0.0493148	0	0	5.72122e+07
104	0	1.79569e-10	1.2014e-11	6.007e-12	566.283	-572.633	-2.05823	16058.7	15882.5	155.343	805.356	7.70339e-05	0.007337	64	0.0493148	0	0	2.39522e+07
112	0	1.71953e-09	1.2014e-11	6.007e-12	634.242	710.122	0.12185	-15493.2	13837.8	-27.8131	952.145	2.44365e-05	0.001345	64	0.0493148	0	0	2.70977e+06
121	0	4.3014e-10	1.2014e-11	6.007e-12	-764.882	-161.814	3.54106	4743.66	-22427	7.81498	781.762	8.20994e-05	0.00454207	64	0.0493148	0	0	9.90304e+06
136	0	4.3292e-10	2.4028e-11	1.2014e-11	15.1984	-751.169	-4.62789	23378.9	476.383	51.9861	751.298	0.000165543	0.00654818	64	0.0493148	0	0	9.60395e+06
140	0	5.67968e-10	1.2014e-11	6.007e-12	369.274	-552.45	-3.11024	20668.7	13822.3	84.3146	664.486	0.000243638	0.00577911	64	0.0493148	0	0	6.85572e+06
142	0	8.2687e-11	1.2014e-11	6.007e-12	-756.283	695.336	7.11153	-13534.7	-14721.1	66.6347	1027.37	2.14255e-05	0.00768229	64	0.0493148	0	0	5.88737e+07
155	0	4.68471e-09	2.4028e-11	1.2014e-11	590.648	387.797	0.789146	-13235.9	20159.7	-54.2131	706.742	0.000231886	0.00251013	64	0.0493148	0	0	863469
168	0	1.66462e-09	1.2014e-11	6.007e-12	-524.319	-484.445	-1.89922	16279.3	-17619.3	-23.5576	713.764	0.000139699	0.00283594	64	0.0493148	0	0	2.43792e+06
180	0	9.33626e-11	1.2014e-11	6.007e-12	-473.671	-872.836	-2.39302	17876.5	-9701.41	140.865	993.059	2.51493e-05	0.00733288	64	0.0493148	0	0	5.14823e+07
188	0	1.70343e-10	1.2014e-11	6.007e-12	73.518	760.924	-6.81962	-23075.4	2230.97	-13.3424	764.546	9.42702e-05	0.00893902	64	0.0493148	0	0	2.46811e+07
191	0	1.60518e-08	1.2014e-11	6.007e-12	510.99	475.58	-0.148429	-16532.3	17759.3	-23.3707	698.23	0.000268387	0.000986423	64	0.0493148	0	0	249447
203	1	3.04192e-08	1.2014e-08	6.007e-09	-512.112	-1441.14	14.9084	15443.7	-5487.57	31.7207	1529.51	8.13669e-06	0.00993771	128	0.0986296	363422	0	194592
35	0	6.23101e-11	1.2014e-11	6.007e-12	1006.56	-508.003	-9.23433	8600.93	17041.3	56.4853	1127.52	9.42973e-06	0.00870816	128	0.0986296	0	0	8.16779e+07
51	0	6.69027e-11	1.2014e-11	6.007e-12	551.758	-1249.14	-1.10546	15866.3	7008.46	-78.1245	1365.56	7.4528e-06	0.00457623	128	0.0986296	0	0	8.41502e+07
68	0	4.27208e-11	1.2014e-11	6.007e-12	235.053	-1430.42	-13.818	16612	2729.8	-1.24167	1449.66	7.21579e-06	0.00953226	128	0.0986296	0	0	1.35837e+08
69	0	4.31344e-11	1.2014e-11	6.007e-12	-643.822	-1352.42	-12.8357	14953.6	-7118.6	-6.08455	1497.89	6.66862e-06	0.00857709	128	0.0986296	0	0	1.36597e+08
76	0	5.91967e-11	1.2014e-11	6.007e-12	-1020.06	455.803	-10.8116	-7822.35	-17507.9	-5.56726	1117.32	3.86108e-05	0.00968092	128	0.0986296	0	0	8.55568e+07
79	0	1.46149e-10	1.2014e-11	6.007e-12	418.304	1356.47	1.90004	-16257.3	5013.45	20.5148	1419.5	5.80508e-06	0.00180158	128	0.0986296	0	0	3.9093e+07
86	0	4.37823e-11	1.2014e-11	6.007e-12	1220.16	1108.59	5.88461	-10616	11684	-81.876	1648.6	3.94524e-05	0.00629596	128	0.0986296	0	0	1.41514e+08
89	0	7.02251e-11	1.2014e-11	6.007e-12	1008.5	-1109.02	3.55149	12248.4	11138.2	-39.5558	1499	5.22139e-06	0.00336481	128	0.0986296	0	0	8.37784e+07
91	0	5.08828e-11	1.2014e-11	6.007e-12	1291.91	-87.5751	-8.30557	1205.3	17771.4	100.113	1294.9	2.44952e-06	0.00852821	128	0.0986296	0	0	1.07158e+08
131	0	8.66116e-11	1.2014e-11	6.007e-12	-931.257	847.533	3.67084	-12157.9	-13359.1	53.9201	1259.19	3.72137e-06	0.00417244	128	0.0986296	0	0	6.21266e+07
137	0	6.71734e-10	1.2014e-11	6.007e-12	-407.517	1241.67	0.981145	-16846.9	-5529.18	7.68747	1306.84	2.99985e-06	0.000866975	128	0.0986296	0	0	8.15534e+06
138	0	7.26348e-11	1.2014e-11	6.007e-12	-1179.9	-449.494	-6.0974	6421.78	-16856.6	29.5763	1262.6	3.15744e-05	0.00509987	128	0.0986296	0	0	7.45358e+07
152	0	4.54841e-11	1.2014e-11	6.007e-12	-321.199	1437.39	7.93556	-16299.5	-3642.75	89.5764	1472.87	6.32498e-06	0.00760227	128	0.0986296	0	0	1.27943e+08
157	0	1.43919e-10	1.2014e-11	6.007e-12	762.229	769.167	2.13013	-13835.6	13710.9	-64.4127	1082.89	1.52474e-05	0.00384769	128	0.0986296	0	0	3.4561e+07
197	0	8.27718e-08	1.2014e-11	6.007e-12	-793.925	-751.831	-0.00794324	13328.5	-14074.7	-2.90441	1093.4	1.48519e-05	0.00015001	128	0.0986296	0	0	60355.5
5	1	3.14524e-08	1.2014e-08	6.007e-09	-973.811	-1400.59	4.39114	12741.8	-8859.47	-67.8217	1705.87	3.4947e-06	0.00507196	256	0.197259	0	0	199504
15	0	3.33524e-11	1.2014e-11	6.007e-12	753.894	-2142.78	2.69989	12686	4463.11	-131.206	2271.54	3.3672e-06	0.00982824	256	0.197259	0	0	2.16723e+08
30	0	3.52157e-11	1.2014e-11	6.007e-12	-2564.38	-140.085	-2.98482	689.972	-12629.2	-55.552	2568.18	8.56297e-06	0.00454329	256	0.197259	0	0	2.1919e+08
53	0	3.28251e-11	1.2014e-11	6.007e-12	-2077.92	-1502.89	16.3005	7417.33	-10256	-68.9693	2564.49	6.06043e-06	0.00837221	256	0.197259	0	0	2.33128e+08
75	0	4.68141e-11	1.2014e-11	6.007e-12	654.258	1668.5	-1.15419	-14095.9	5527.29	-62.8044	1792.21	1.00255e-05	0.00419768	256	0.197259	0	0	1.37805e+08
80	0	1.24698e-10	1.2014e-11	6.007e-12	1311.15	1408.27	-0.441459	-10694.7	9957.25	-12.9365	1924.13	1.02522e-05	0.000914552	256	0.197259	0	0	5.33543e+07
83	0	8.32264e-11	1.2014e-11	6.007e-12	-408.953	-1651.26	4.98595	15084.8	-3739.72	18.6849	1701.31	0.000257682	0.00316766	256	0.197259	0	0	7.49089e+07
103	0	7.22468e-11	1.2014e-11	6.007e-12	-961.04	-1679.05	-1.27472	12647.6	-7239.15	21.3639	1934.63	2.14138e-06	0.00160727	256	0.197259	0	0	9.21477e+07
132	0	3.7317e-11	1.2014e-11	6.007e-12	139.09	-1785.63	-12.4416	15099.7	1175.66	82.3385	1791.09	5.88852e-06	0.00882097	256	0.197259	0	0	1.73092e+08
134	0	3.76606e-11	1.2014e-11	6.007e-12	-352.6	1870.59	12.4351	-14436.9	-2721.56	44.3437	1903.57	3.22656e-06	0.00719618	256	0.197259	0	0	1.76384e+08
135	0	3.51764e-11	1.2014e-11	6.007e-12	92.1639	-2189.74	1.01646	13679.2	575.865	97.7772	2191.69	6.73983e-06	0.00715647	256	0.197259	0	0	2.01292e+08
171	0	4.53921e-11	1.2014e-11	6.007e-12	1975.86	-1028.24	1.37814	6269.62	12047.7	-32.7281	2227.42	8.43612e-06	0.00248793	256	0.197259	0	0	1.58151e+08
173	0	3.68126e-11	1.2014e-11	6.007e-12	1736.95	-1508.03	-9.68124	8761.8	10091.7	30.5905	2300.29	7.03955e-06	0.00479091	256	0.197259	0	0	1.98213e+08
176	0	4.0087e-11	1.2014e-11	6.007e-12	461.227	1673.86	-11.9659	-14829.6	4087.14	46.7577	1736.25	3.9867e-05	0.00753241	256	0.197259	0	0	1.58182e+08
184	0	3.80393e-11	1.2014e-11	6.007e-12	1471.27	1766.25	9.15934	-10272	8556.48	12.094	2298.77	3.60851e-06	0.00408586	256	0.197259	0	0	1.92073e+08
13	0	3.22454e-11	1.2014e-11	6.007e-12	2520.72	1426	18.703	-5864.27	10366.7	-43.9678	2896.16	5.70417e-06	0.00743852	512	0.394518	0	0	2.53994e+08
16	0	3.17048e-11	1.2014e-11	6.007e-12	1325.81	-3007.63	3.93264	10230.1	4509.67	76.7512	3286.89	1.43907e-06	0.00696843	512	0.394518	0	0	2.73765e+08
36	0	3.40813e-11	1.2014e-11	6.007e-12	-151.231	-2926.86	-1.76542	11824.2	-610.983	47.3927	2930.78	3.93186e-06	0.00404782	512	0.394518	0	0	2.40142e+08
45	0	3.11615e-11	1.2014e-11	6.007e-12	-2788.45	-2477.02	4.84834	6970.22	-7846.41	74.123	3729.76	1.26126e-06	0.00718105	512	0.394518	0	0	2.98701e+08
54	0	3.23746e-11	1.2014e-11	6.007e-12	-1671.39	-2714.23	-13.3578	9667.21	-5952.76	-38.4397	3187.6	1.52675e-06	0.00538749	512	0.394518	0	0	2.66018e+08
60	0	3.38359e-11	1.2014e-11	6.007e-12	2825.37	1586.55	-4.41979	-5513.3	9818.09	-33.208	3240.33	5.59364e-06	0.0032493	512	0.394518	0	0	2.54978e+08
64	0	3.17599e-11	1.2014e-11	6.007e-12	2476.74	1654.19	-0.209733	-6523	9766.6	103.25	2978.35	1.14568e-06	0.00879132	512	0.394518	0	0	2.61299e+08
82	0	3.15731e-11	1.2014e-11	6.007e-12	-3628.55	-707.87	-10.3301	2018.61	-10346.8	-48.9688	3696.99	6.06947e-06	0.00542079	512	0.394518	0	0	2.93219e+08
84	0	3.20409e-11	1.2014e-11	6.007e-12	2589.78	1012.48	25.3434	-4425.85	11320.8	-12.8837	2780.79	8.45124e-06	0.00917533	512	0.394518	0	0	2.49952e+08
85	0	3.19632e-11	1.2014e-11	6.007e-12	2187.24	-2475.5	6.66082	8357.42	7384.08	-62.7399	3303.36	2.09563e-06	0.00597619	512	0.394518	0	0	2.71968e+08
139	0	3.24067e-11	1.2014e-11	6.007e-12	2919.69	831.626	-4.98216	-3186.87	11188.1	-68.6329	3035.8	7.32528e-06	0.00612372	512	0.394518	0	0	2.58113e+08
27	0	3.16982e-11	1.2014e-11	6.007e-12	-3424.11	2527.37	-14.6197	-5834.93	-7905.19	1.91808	4255.86	1.84553e-06	0.00344074	1024	0.789037	0	0	3.1142e+08
56	0	3.11375e-11	1.2014e-11	6.007e-12	3736.16	2216.78	20.2702	-4962.26	8363.48	-12.1565	4344.35	1.18198e-06	0.00483044	1024	0.789037	0	0	3.2229e+08
159	0	9.48798e-11	1.2014e-11	6.007e-12	991.424	-4151.25	0.501713	9543.04	2279.12	0.573341	4268	4.65187e-07	0.000131276	1024	0.789037	0	0	1.0465e+08
