#ID	Type	M	WM	SWM	x	y	z	xv	vy	vz	a	e	i	N	dt	init_time	formation_time	P
1	1	7.15493e-08	0	0	16.8829	69.0335	0.257809	-73852.4	18319.6	185.613	71.1756	0.00363168	0.00436486	2	0.00154109	0	0	17953.6
2	1	8.31223e-08	0	0	85.5114	-48.5166	-0.0405107	32036.5	56642.6	348.763	99.6499	0.0134529	0.00537464	2	0.00154109	0	0	18286.1
34	0	4.9239e-08	0	0	-97.8464	20.7707	-0.071778	-13069.1	-61921.7	-97.6237	97.5951	0.0249431	0.00170208	2	0.00154109	0	0	30370.7
40	0	1.48477e-08	0	0	-18.1635	75.5884	0.148117	-70666.6	-16972.6	409.981	77.6966	0.000573404	0.00595399	2	0.00154109	0	0	90306.6
77	0	1.52032e-08	0	0	-63.4166	49.6058	0.437916	-43991	-56269.5	356.903	80.4946	0.00034416	0.00738681	2	0.00154109	0	0	90106.4
81	0	7.50182e-09	0	0	-19.3203	88.9052	0.956055	-65512.1	-13308.4	402.776	90.058	0.0170819	0.0120425	2	0.00154109	0	0	192338
94	0	1.68717e-08	0	0	-90.4801	19.134	0.0841942	-13629.9	-65267.3	4.71396	92.5441	0.00261684	0.000913315	2	0.00154109	0	0	86800.7
120	0	1.79123e-08	0	0	1.72234	99.2056	0.624816	-64112.8	1659	25.9923	98.5673	0.0108013	0.00630697	2	0.00154109	0	0	83720.9
122	0	1.69289e-08	0	0	-90.7953	-20.8942	0.0346049	14271	-65468.4	-199.941	94.89	0.0215109	0.00301142	2	0.00154109	0	0	87163.9
130	0	4.74413e-08	0	0	80.412	-39.5345	-0.360472	30386.2	60899.6	-192.778	90.5336	0.0118147	0.00490647	2	0.00154109	0	0	30462.2
147	0	8.74441e-09	0	0	87.634	-18.154	-0.123688	14329.1	66339.5	-300.57	89.7983	0.00911704	0.00462825	2	0.00154109	0	0	164065
151	0	1.56427e-08	0	0	77.2406	37.3293	-0.731173	-30090.1	62295.6	243.848	85.7411	0.000611538	0.00922354	2	0.00154109	0	0	89660.1
156	0	3.88785e-08	0	0	-29.5564	-64.2209	-0.139279	68925.8	-31018.1	-1110.7	69.5302	0.0187649	0.0148425	2	0.00154109	0	0	32671.7
162	0	1.43112e-08	0	0	-63.6808	40.1233	0.5801	-39321.9	-62487.2	496.284	75.1681	0.00144022	0.0102293	2	0.00154109	0	0	92342.6
172	0	2.31541e-08	0	0	3.67048	-75.6427	0.404174	73600.7	3613.67	35.4254	75.8036	0.00109479	0.00535875	2	0.00154109	0	0	56781.6
189	0	1.53626e-08	0	0	-78.5205	-24.0548	0.00770312	20740.9	-67628.4	-111.017	82.1364	0.000353115	0.00157219	2	0.00154109	0	0	89682.8
190	0	1.72799e-08	0	0	89.0717	31.0637	-0.0728142	-23130.9	62491.9	401.697	96.2125	0.0272117	0.00606399	2	0.00154109	0	0	85984
192	0	1.59538e-08	0	0	83.4883	-28.4469	-0.736607	21886.7	64596.6	-606.27	88.0941	0.00206205	0.0122066	2	0.00154109	0	0	89240.6
193	0	1.48352e-08	0	0	-72.0928	31.2511	0.7296	-28713	-66347.2	-102.194	78.5451	0.000746629	0.00939128	2	0.00154109	0	0	90503
194	0	4.34792e-08	0	0	-65.9181	44.0299	0.109102	-39965.8	-59862.9	-317.681	79.2402	0.000449062	0.00462288	2	0.00154109	0	0	31060.7
200	0	1.69577e-08	0	0	-72.1942	58.7293	-0.466104	-41687.4	-52315.1	241.877	94.3514	0.0169628	0.0061478	2	0.00154109	0	0	87003.8
37	0	1.81923e-08	0	0	-37.3797	-96.1057	-0.0651174	58789.8	-22969.4	-232.171	103.109	0.00153292	0.00373123	2	0.00154109	0	0	84531.1
201	1	8.49233e-08	0	0	-16.8446	158.566	0.430044	-50452.3	-5371.73	134.493	159.32	0.000900819	0.00378194	4	0.00308217	34298.6	0	22682.2
39	0	2.02814e-08	0	0	-115.85	37.2275	0.243907	-17631	-55210.8	149.215	121.066	0.00542506	0.00326569	4	0.00308217	0	0	82326.4
42	0	2.17207e-08	0	0	99.0045	-99.3015	-0.383965	38284.7	38073.8	-150.227	139.528	0.00515171	0.00390124	4	0.00308217	0	0	82726.4
49	0	1.86646e-08	0	0	-37.7669	102.574	-0.549068	-57531.4	-21188.9	241.842	109.313	0.000127083	0.00638653	4	0.00308217	0	0	85154.4
55	0	1.99975e-08	0	0	114.679	43.1599	-0.0486403	-20124.9	54232.7	-164.948	122.284	0.00505028	0.0028772	4	0.00308217	0	0	83748.4
58	0	2.22664e-08	0	0	-54.9177	126.495	-0.353762	-50060.6	-21894.1	163.774	138.187	0.00339283	0.00394002	4	0.00308217	0	0	80398.9
61	0	1.89111e-08	0	0	-94.595	-52.42	-0.101895	29870.9	-53918.3	38.0128	108.162	0.000167115	0.00112612	4	0.00308217	0	0	83886.9
73	0	6.39367e-08	0	0	-66.5103	-135.184	0.0295672	47401.6	-21251.5	-115.439	149.102	0.0372482	0.00222529	4	0.00308217	0	0	28932.7
98	0	8.15283e-09	0	0	143.188	24.3376	0.338642	-8109.53	53118	-134.652	148.312	0.0266884	0.00345199	4	0.00308217	0	0	226543
101	0	2.06565e-08	0	0	-124.01	26.3561	-0.493019	-11820.9	-55693.8	91.2805	126.816	0.000388569	0.00420587	4	0.00308217	0	0	82666.8
109	0	1.84185e-08	0	0	-104.369	-12.8705	0.426886	7635.55	-62048.7	-73.9505	105.199	0.000442899	0.0042285	4	0.00308217	0	0	84966.7
110	0	1.85921e-08	0	0	97.3547	87.2851	-0.406973	-37371.5	41725.9	-424.584	130.575	0.00147398	0.00819232	4	0.00308217	0	0	92831.7
114	0	1.90983e-08	0	0	-110.12	29.1809	0.647726	-15374.7	-58058.2	-165.991	113.946	0.000271326	0.00632139	4	0.00308217	0	0	84961.4
123	0	2.09638e-08	0	0	60.164	-114.214	-0.536723	49928.3	26272.4	243.081	129.112	0.000451553	0.00598874	4	0.00308217	0	0	82290.7
126	0	2.24633e-08	0	0	22.9891	-134.924	0.137426	54047.2	9106.99	89.9624	136.97	0.00197916	0.00192256	4	0.00308217	0	0	79267.8
127	0	8.6576e-08	0	0	-32.0469	138.827	-0.224195	-53277.3	-9301.39	-10.617	144.55	0.055864	0.00157749	4	0.00308217	0	0	21219.3
133	0	1.99823e-08	0	0	-116.186	-0.34835	0.724528	109.316	-59478.1	43.8004	116.241	0.00124713	0.00627829	4	0.00308217	0	0	81709.8
163	0	6.61217e-09	0	0	-127.671	-83.1101	-0.334124	28636.9	-42243.3	32.5367	147.294	0.0390172	0.002273	4	0.00308217	0	0	279949
164	0	1.86008e-08	0	0	72.5018	-77.9533	0.145479	45487.3	42299.1	-1.785	106.43	0.000273705	0.00136684	4	0.00308217	0	0	84115.6
177	0	2.14177e-08	0	0	87.9479	97.2965	0.151796	-41487.8	37525.3	89.9773	131.02	0.00107269	0.00198127	4	0.00308217	0	0	80969.7
182	0	1.89114e-08	0	0	-5.93875	-116.649	-0.732837	59211.5	-3027.91	-39.0935	116.724	0.000707731	0.00630862	4	0.00308217	0	0	86614.8
183	0	4.51992e-08	0	0	127.184	79.4143	0.125932	-27502.2	44154.5	-88.3567	148.099	0.0124933	0.00189568	4	0.00308217	0	0	41000.3
186	0	1.98815e-08	0	0	-112.331	-43.7981	0.361309	21393.5	-54227.3	-76.2712	120.238	0.00485473	0.00326512	4	0.00308217	0	0	84167.2
187	0	2.10507e-08	0	0	-54.7446	-120.381	-0.656664	50762.2	-23071.8	186.061	132.348	0.000804882	0.00598192	4	0.00308217	0	0	82618.6
195	0	2.04548e-08	0	0	2.76234	123.364	0.0823014	-57570.3	1245.56	-456.97	122.898	0.00411783	0.00796304	4	0.00308217	0	0	81999.9
7	1	5.82341e-08	0	0	139.207	177.419	-0.121422	-33604.6	26322.8	-381.515	225.567	0.000843217	0.00895396	8	0.00616435	0	0	39153.4
9	1	6.44726e-08	0	0	119.688	180.509	-1.54329	-36298.9	24066.4	172.692	216.579	8.28106e-05	0.00815421	8	0.00616435	0	0	34583.5
19	0	1.24769e-08	0	0	-100.859	-147.278	0.848108	39590.7	-27106.5	-174.594	178.551	0.000281321	0.00598418	8	0.00616435	0	0	161960
21	0	1.46817e-08	0	0	171.462	13.4247	-0.932232	-3806.11	48726.5	-122.812	171.985	0.000197561	0.00597399	8	0.00616435	0	0	135286
25	0	1.59223e-09	0	0	-224.348	42.1638	0.266729	-7801.28	-41705.8	-271.166	228.337	0.000903016	0.0064959	8	0.00616435	0	0	1.44561e+06
29	0	7.37692e-08	0	0	-19.3078	228.812	0.397981	-42134.2	-3585.71	-67.9249	229.488	0.000937168	0.00236222	8	0.00616435	0	0	31273.6
31	0	2.39879e-08	0	0	-7.62022	179.502	-0.320371	-47769.7	-2030.6	-159.638	179.608	0.000312721	0.00378522	8	0.00616435	0	0	85205.9
41	0	2.5731e-08	0	0	88.943	140.704	0.119709	-41984.8	26546.3	-150.545	166.408	0.00032429	0.00311493	8	0.00616435	0	0	76074.2
50	0	4.77077e-09	0	0	10.9518	226.253	1.28012	-42549	2060.78	-273.367	226.644	0.000542374	0.00855082	8	0.00616435	0	0	478581
67	0	1.04249e-08	0	0	3.92216	207.306	-0.310511	-44434.8	1030.49	-100.207	206.718	0.00523594	0.00270129	8	0.00616435	0	0	209098
70	0	2.62315e-09	0	0	-127.363	-171.544	1.46457	35204.6	-26143.9	322.658	213.665	0.0001651	0.0100555	8	0.00616435	0	0	843065
71	0	1.343e-09	0	0	-237.153	18.6068	1.08413	-3252.23	-41430.4	-315.966	237.888	1.95882e-05	0.00886427	8	0.00616435	0	0	1.75158e+06
78	0	2.56088e-09	0	0	209.451	64.8524	-0.149637	-12802.9	41349.1	288.029	219.254	3.3347e-05	0.00668891	8	0.00616435	0	0	878806
92	0	3.02025e-09	0	0	-73.6433	-184.739	1.35457	42221.1	-16834.4	343.128	198.912	0.000197071	0.0101668	8	0.00616435	0	0	710747
93	0	1.02236e-08	0	0	39.5011	-194.25	0.400232	44617.6	9058.65	-225.435	198.244	0.000313278	0.00534794	8	0.00616435	0	0	208992
97	0	1.81498e-08	0	0	33.8587	-186.385	-0.850956	45820.9	8321.96	-21.8524	189.438	4.0793e-05	0.00451645	8	0.00616435	0	0	114903
99	0	2.08331e-09	0	0	144.246	-153.592	1.56639	32206.7	30190.4	280.959	210.603	0.00110926	0.00978148	8	0.00616435	0	0	1.05547e+06
102	0	9.44319e-08	0	0	185.903	-92.1274	0.0320258	20006.5	39835.7	-4.4723	208.207	0.00637482	0.000184547	8	0.00616435	0	0	23304.4
118	0	5.5762e-09	0	0	175.808	-99.4007	-0.246994	22217.1	39248.3	322.536	201.946	0.000509141	0.00725584	8	0.00616435	0	0	386641
119	0	6.0076e-08	0	0	-138.549	-133.026	-0.121493	32034.9	-33360.9	26.2701	192.084	8.56773e-05	0.000850096	8	0.00616435	0	0	34967.2
141	0	3.45662e-09	0	0	24.0448	209.098	1.30455	-43870.3	5005.92	-225.295	210.234	0.00147762	0.00802448	8	0.00616435	0	0	638385
146	0	4.42415e-10	0	0	-19.1274	182.278	-0.0479078	-47068	-4928.94	-90.1444	183.116	0.00091353	0.00192257	8	0.00616435	0	0	4.65234e+06
150	0	8.68515e-08	0	0	-65.5491	-194.322	0.0322433	42397.2	-14188	15.6088	204.614	0.00331252	0.000383241	8	0.00616435	0	0	25052.7
167	0	8.40138e-08	0	0	-118.12	140.992	0.00873812	-36226.6	-30354.4	-5.95063	183.934	7.12911e-05	0.000134567	8	0.00616435	0	0	24587.5
170	0	1.0845e-08	0	0	12.9802	247.034	-0.0661347	-40697.3	2138.15	-122.947	247.375	5.49432e-06	0.00302867	8	0.00616435	0	0	220005
196	0	1.6943e-08	0	0	-166.763	35.0328	0.318996	-10083.9	-48055.7	288.293	170.407	0.000216385	0.00616282	8	0.00616435	0	0	116694
4	1	1.30081e-07	0	3.0065e-10	-304.691	231.615	0.130855	-19827.7	-26083.5	-16.9236	382.73	6.16202e-07	0.000619434	16	0.0123287	0	0	22921.2
6	1	8.6066e-08	0	3.0035e-10	-409.93	14.2915	-0.347289	-1102.71	-31629.6	16.714	410.179	4.80117e-07	0.000997879	16	0.0123287	0	0	35843.3
14	0	3.82756e-09	0	3.0035e-13	188.507	-264.736	-0.0373719	28963.1	20623.3	83.2374	324.989	8.51641e-06	0.00234389	16	0.0123287	0	0	712774
24	0	1.47475e-09	0	0	-216.787	232.603	1.30472	-26297.2	-24508.6	-30.5652	317.987	6.67634e-05	0.00419052	16	0.0123287	0	0	1.84515e+06
26	0	2.01312e-09	0	0	277.683	125.179	1.08301	-15093.6	33481.8	39.2579	304.595	2.74719e-06	0.00371277	16	0.0123287	0	0	1.31283e+06
33	0	1.10661e-09	0	3.0035e-13	-192.768	-296.257	-1.04734	28577.1	-18594.3	-50.2867	353.453	6.85868e-07	0.00330995	16	0.0123287	0	0	2.56457e+06
46	0	6.37041e-10	0	0	94.2103	-287.438	-1.91301	35021.4	11478	70.8885	302.489	2.49085e-06	0.00661031	16	0.0123287	0	0	4.15829e+06
66	0	1.56593e-09	0	0	-289.633	-17.3858	0.28856	2255.1	-37561.4	-174.923	290.152	1.72033e-05	0.00475376	16	0.0123287	0	0	1.65748e+06
90	0	1.62914e-10	0	3.0035e-13	-83.5122	386.98	2.90648	-31489.5	-6796.02	44.4605	395.902	5.80739e-06	0.00747012	16	0.0123287	0	0	1.85203e+07
105	0	9.04896e-10	0	0	-145.389	239.137	-1.4095	-32737.8	-19905.4	-179.454	279.868	1.48529e-05	0.00687767	16	0.0123287	0	0	2.81136e+06
116	0	8.01561e-11	0	3.0035e-13	-93.1403	373.062	2.76067	-31712.2	-7919.83	236.609	384.511	3.69127e-05	0.0101955	16	0.0123287	0	0	3.72389e+07
144	0	8.7051e-10	0	0	-237.943	-184.747	-0.430795	22648.6	-29169.5	-205.408	301.246	4.19275e-06	0.00574296	16	0.0123287	0	0	3.03308e+06
148	0	3.64545e-09	0	0	-225.754	149.837	0.680654	-21501	-32461.7	-7.14768	270.908	0.000966098	0.00251858	16	0.0123287	0	0	687101
153	0	1.07179e-07	0	0	-154.481	-211.067	-0.00287506	31982.4	-23408.4	8.07026	261.567	2.89303e-05	0.000203918	16	0.0123287	0	0	22883.9
154	0	1.64988e-10	0	3.0035e-13	169.197	-331.283	2.40596	29596.8	15114.4	-192.434	371.997	7.11804e-06	0.00868114	16	0.0123287	0	0	1.78315e+07
160	0	1.26591e-10	0	3.0035e-13	-328.462	229.266	-0.37051	-18330.1	-26260.6	279.435	400.561	2.4347e-06	0.00877414	16	0.0123287	0	0	2.41022e+07
161	0	7.57707e-08	0	0	266.267	57.6505	-0.0236529	-8196.37	37954.9	-23.5148	272.379	0.000578574	0.000611733	16	0.0123287	0	0	33105.4
185	0	9.34268e-10	0	0	259.211	168.68	-1.54166	-19879.6	30549.6	40.383	309.266	1.77227e-06	0.00510656	16	0.0123287	0	0	2.8734e+06
3	1	3.48508e-08	0	3.0035e-09	-37.5942	517.356	2.64627	-28069.3	-2039.52	-32.7724	518.727	1.30082e-07	0.00523272	32	0.0246574	0	0	99579.9
11	0	1.19366e-09	0	3.0035e-12	129.345	436.757	0.700868	-28796.6	8528.04	-8.51488	455.508	3.30195e-07	0.00156456	32	0.0246574	0	0	2.72948e+06
17	0	1.08703e-10	0	3.0035e-13	389.139	152.53	-2.8277	-11440.9	29190.1	187.585	417.984	3.23749e-05	0.0090314	32	0.0246574	0	0	2.85943e+07
28	0	1.04813e-10	0	3.0035e-12	359.438	-243.472	-3.14406	17253	25468.9	135.726	434.146	2.28971e-06	0.00848015	32	0.0246574	0	0	3.01434e+07
38	0	9.47019e-11	0	3.0035e-12	-497.632	-40.5186	-1.80104	2328.5	-28591	-152.369	499.282	2.16536e-07	0.00642076	32	0.0246574	0	0	3.56435e+07
43	0	1.56939e-10	0	3.0035e-12	521.053	194.839	-0.363572	-9518.42	25455	79.7532	556.29	6.81955e-08	0.00300654	32	0.0246574	0	0	2.28465e+07
48	0	1.88475e-10	0	3.0035e-12	-495.687	-188.196	-1.55556	9881.3	-26024.3	-4.20609	530.227	3.64569e-05	0.00293774	32	0.0246574	0	0	1.84468e+07
57	0	9.62859e-11	0	3.0035e-13	-399.146	-153.234	-4.04727	11109.5	-28939.4	45.8817	427.569	3.98219e-06	0.00958096	32	0.0246574	0	0	3.26806e+07
62	0	5.48318e-11	6.007e-12	6.007e-12	-578.109	-144.797	0.499215	6379.21	-25468.6	214.363	595.967	2.79495e-08	0.00820722	32	0.0246574	0	0	6.7725e+07
65	0	6.3662e-11	0	3.0035e-12	64.6104	-503.465	-5.01464	28218.1	3620.85	46.6869	507.619	1.51803e-06	0.0100143	32	0.0246574	0	0	5.37149e+07
74	0	9.64633e-10	0	3.0035e-12	450.496	115.999	0.32219	-7410.51	28779.8	-44.5383	465.191	2.42173e-07	0.00165097	32	0.0246574	0	0	3.39114e+06
88	0	7.69715e-11	0	3.0035e-12	-435.956	331.933	0.85265	-16588	-21786	-164.622	547.94	7.73857e-07	0.00621006	32	0.0246574	0	0	4.63809e+07
96	0	7.26949e-11	6.007e-12	6.007e-12	500.209	-337.905	-1.17536	14603.4	21618.2	-123.583	603.647	2.29976e-07	0.00512161	32	0.0246574	0	0	5.1543e+07
100	0	5.31242e-11	1.2014e-11	6.007e-12	-257.632	-599.564	1.42712	23053.1	-9905.51	163.68	652.574	1.92008e-07	0.00688014	32	0.0246574	0	0	7.25718e+07
106	0	7.46286e-11	0	3.0035e-12	404.767	414.612	3.0886	-19053.6	18601.5	-41.1912	579.439	8.52924e-08	0.00555028	32	0.0246574	0	0	4.91219e+07
107	0	1.58833e-10	0	3.0035e-12	-543.59	4.56057	1.063	-230.795	-27490.5	-68.9701	543.61	8.70568e-07	0.00318084	32	0.0246574	0	0	2.23157e+07
117	0	5.76546e-11	6.007e-12	6.007e-12	556.751	-276.487	4.14942	11434.9	23025.4	17.8898	621.639	1.59584e-05	0.00671119	32	0.0246574	0	0	6.56688e+07
129	0	1.04998e-10	0	3.0035e-12	-318.015	-433.582	0.00569045	22289.1	-16348.3	-131.594	537.707	5.41718e-06	0.00476066	32	0.0246574	0	0	3.33305e+07
143	0	6.19749e-11	6.007e-12	6.007e-12	-475.702	356.726	-2.68862	-15769.7	-21030.2	-132.933	594.603	6.6306e-08	0.00678388	32	0.0246574	0	0	5.95046e+07
145	0	2.10359e-09	0	3.0035e-12	-386.021	247.608	0.0161554	-16160.1	-25193.6	35.5823	458.608	1.29706e-06	0.00118933	32	0.0246574	0	0	1.54569e+06
165	0	1.84236e-10	6.007e-12	6.007e-12	-397.255	486.104	1.03457	-19808.9	-16188.2	-24.7426	627.782	8.17185e-08	0.00191083	32	0.0246574	0	0	2.06201e+07
174	0	8.98396e-09	0	3.0035e-12	61.1133	484.572	-0.256155	-28775.6	3629.16	1.14446	488.41	1.52805e-06	0.000525949	32	0.0246574	0	0	375016
179	0	2.34827e-10	0	3.0035e-12	-119.508	478.459	-1.36446	-28003.2	-6994.44	41.0584	493.16	8.69652e-08	0.00311104	32	0.0246574	0	0	1.43979e+07
181	0	1.61771e-10	0	3.0035e-12	368.95	-418.399	-1.35852	20355.1	17949.3	44.4178	557.839	6.24831e-08	0.00293421	32	0.0246574	0	0	2.20411e+07
198	0	1.56012e-10	6.007e-12	6.007e-12	127.084	583.158	-1.43606	-25635.3	5586.46	-17.2351	596.846	2.54208e-07	0.00249414	32	0.0246574	0	0	2.37325e+07
10	1	3.28109e-08	1.2014e-08	6.007e-09	-174.805	-666.34	2.53437	23621.9	-6197.06	-47.2655	688.892	1.01477e-07	0.00415696	64	0.0493148	0	0	121123
18	0	5.14776e-11	1.2014e-11	6.007e-12	149.888	-719.201	-3.81346	23150.8	4824.96	-18.3818	734.663	1.42085e-06	0.00524866	64	0.0493148	0	0	7.97361e+07
20	0	5.06874e-11	1.2014e-11	6.007e-12	-28.8303	-730.694	3.70584	23684.6	-934.757	-50.3325	731.272	1.95679e-08	0.0054946	64	0.0493148	0	0	8.07956e+07
22	0	3.96337e-11	1.2014e-11	6.007e-12	-646.419	-496.757	-4.35762	13678.1	-17800.2	132.373	815.257	2.24702e-08	0.00795873	64	0.0493148	0	0	1.09625e+08
23	0	8.11101e-10	1.2014e-11	6.007e-12	-708.345	216.671	0.304015	-6888.8	-22521	6.74257	740.742	1.20995e-07	0.00050041	64	0.0493148	0	0	5.09405e+06
32	0	4.14688e-11	1.2014e-11	6.007e-12	-188.513	726.979	6.37878	-22640	-5870.99	19.6702	751.05	6.64061e-07	0.00853479	64	0.0493148	0	0	1.00326e+08
44	0	8.97923e-11	1.2014e-11	6.007e-12	750.963	297.815	-1.44221	-8313.53	20963.2	-4.02056	807.862	2.84798e-08	0.0017941	64	0.0493148	0	0	4.81551e+07
47	0	3.54066e-11	1.2014e-11	6.007e-12	-966.532	-371.118	7.2139	7140.69	-18596.6	23.5808	1035.36	8.32461e-09	0.00706745	64	0.0493148	0	0	1.38535e+08
63	0	3.50171e-11	1.2014e-11	6.007e-12	-559.774	774.683	-8.49155	-16805.1	-12142.3	73.4698	955.799	1.39059e-08	0.00956503	64	0.0493148	0	0	1.33574e+08
104	0	4.0836e-11	1.2014e-11	6.007e-12	280.795	754.796	5.89965	-21169.2	7875.02	28.8856	805.355	8.19743e-07	0.0074364	64	0.0493148	0	0	1.05325e+08
108	0	4.16828e-11	1.2014e-11	6.007e-12	120.8	696.999	-4.05179	-23745.1	4114.25	-195.235	707.403	2.22018e-06	0.00992159	64	0.0493148	0	0	9.68541e+07
112	0	7.95772e-11	1.2014e-11	6.007e-12	174.53	-936.025	0.908824	20420.6	3807.6	19.125	952.158	2.59266e-08	0.00132617	64	0.0493148	0	0	5.85496e+07
121	0	5.05719e-11	1.2014e-11	6.007e-12	-663.388	-413.601	3.51054	12128.6	-19453.6	-17.0545	781.768	1.36908e-08	0.00455173	64	0.0493148	0	0	8.42275e+07
136	0	4.83001e-11	1.2014e-11	6.007e-12	-268.695	-701.773	-3.58859	21836.6	-8360.42	-70.4945	751.462	5.88822e-07	0.00564754	64	0.0493148	0	0	8.60425e+07
140	0	5.39259e-11	1.2014e-11	6.007e-12	192.655	-635.928	-4.20844	23797.7	7209.55	0.827564	664.483	7.91785e-07	0.00633353	64	0.0493148	0	0	7.22062e+07
142	0	3.50882e-11	1.2014e-11	6.007e-12	48.357	-1026.23	-2.34039	19974.9	941.571	-146.933	1027.38	8.23641e-09	0.00769262	64	0.0493148	0	0	1.38738e+08
155	0	1.28608e-10	1.2014e-11	6.007e-12	-706.572	-14.2173	-0.815038	485.097	-24106.5	-34.1492	706.716	7.49008e-07	0.00182647	64	0.0493148	0	0	3.14523e+07
168	0	7.60546e-11	1.2014e-11	6.007e-12	559.807	442.808	1.07882	-14884.2	18816.8	63.7087	713.769	1.98784e-06	0.00305544	64	0.0493148	0	0	5.33556e+07
180	0	3.58639e-11	1.2014e-11	6.007e-12	-836.902	-534.541	-5.55721	10948.3	-17142.1	96.3148	993.061	8.90141e-09	0.00733066	64	0.0493148	0	0	1.3402e+08
188	0	4.04383e-11	1.2014e-11	6.007e-12	489.492	-587.275	5.77433	17807.5	14841.4	-106.29	764.544	2.68064e-08	0.00883561	64	0.0493148	0	0	1.03967e+08
191	0	7.9498e-11	1.2014e-11	6.007e-12	681.78	150.639	-1.78947	-5232.68	23686.8	37.6784	698.249	4.61231e-05	0.00299687	64	0.0493148	0	0	5.03523e+07
35	0	3.34448e-11	1.2014e-11	6.007e-12	730.359	-858.934	-9.68459	14542.3	12365.7	-27.6018	1127.51	3.77541e-09	0.00871031	128	0.0986296	0	0	1.52175e+08
51	0	3.38365e-11	1.2014e-11	6.007e-12	1361.59	-104.026	-5.95991	1321.25	17295.1	-25.0148	1365.57	1.9773e-08	0.00459653	128	0.0986296	0	0	1.66384e+08
68	0	3.15463e-11	1.2014e-11	6.007e-12	1143.18	-891.377	-10.4889	10352.2	13275.3	105.523	1449.66	8.5313e-09	0.00957304	128	0.0986296	0	0	1.83953e+08
69	0	3.15942e-11	1.2014e-11	6.007e-12	-1332.8	-683.587	-8.90064	7558.61	-14735.8	-100.641	1497.9	7.29042e-08	0.00849925	128	0.0986296	0	0	1.86487e+08
76	0	3.31677e-11	1.2014e-11	6.007e-12	499.637	-999.355	6.45358	17150.8	8575.7	149.379	1117.31	8.76133e-10	0.00969784	128	0.0986296	0	0	1.527e+08
79	0	3.9081e-11	1.2014e-11	6.007e-12	-1415.35	108.662	1.34854	-1302.33	-16962.8	-26.7723	1419.51	6.8864e-08	0.00183818	128	0.0986296	0	0	1.46191e+08
86	0	3.16653e-11	1.2014e-11	6.007e-12	1254.71	-1069.33	8.81815	10239.6	12015.1	50.3771	1648.59	7.05451e-08	0.00622854	128	0.0986296	0	0	1.95669e+08
89	0	3.41211e-11	1.2014e-11	6.007e-12	1321.21	708.109	-3.09819	-7820.64	14591.8	-43.272	1499.01	5.84791e-08	0.0033322	128	0.0986296	0	0	1.72423e+08
91	0	3.23871e-11	1.2014e-11	6.007e-12	1092.46	-695.076	-10.8222	9562.14	15028.5	31.2511	1294.88	1.79252e-09	0.00853995	128	0.0986296	0	0	1.68357e+08
131	0	3.53787e-11	1.2014e-11	6.007e-12	1196.88	391.125	-5.10619	-5610.84	17169.9	18.2535	1259.18	8.80531e-09	0.0041792	128	0.0986296	0	0	1.52096e+08
137	0	5.73799e-11	1.2014e-11	6.007e-12	-67.7814	-1305.08	-0.715279	17707.1	-919.645	-12.2116	1306.84	7.71018e-09	0.00087972	128	0.0986296	0	0	9.54715e+07
138	0	3.43113e-11	1.2014e-11	6.007e-12	-224.425	1242.5	-0.814693	-17751.4	-3206.38	-91.1281	1262.61	9.55163e-09	0.00509283	128	0.0986296	0	0	1.57784e+08
152	0	3.18347e-11	1.2014e-11	6.007e-12	1348.88	591.439	-6.68087	-6706.19	15295.9	105.549	1472.87	1.77218e-08	0.00777906	128	0.0986296	0	0	1.82801e+08
157	0	3.89545e-11	1.2014e-11	6.007e-12	768.72	-763.525	0.96476	13722.7	13816.1	74.7635	1083.47	1.43843e-08	0.00394123	128	0.0986296	0	0	1.2755e+08
197	0	1.09504e-09	1.2014e-11	6.007e-12	-651.613	-878.772	-0.0294594	15566.6	-11542.7	-2.80644	1094	6.03625e-08	0.0001473	128	0.0986296	0	0	4.60717e+06
5	1	3.02205e-08	1.2014e-08	6.007e-09	-1688.67	-244.925	8.5004	2227.2	-15356.3	-16.7957	1706.37	8.83414e-08	0.00509784	256	0.197259	0	0	207514
15	0	3.04613e-11	1.2014e-11	6.007e-12	-2270.18	75.9713	19.6555	-449.263	-13441.2	62.6579	2271.54	2.66088e-09	0.00982765	256	0.197259	0	0	2.37293e+08
30	0	3.06899e-11	1.2014e-11	6.007e-12	-2411.03	884.674	1.72838	-4356.93	-11874	-56.8768	2568.21	4.55588e-09	0.00454692	256	0.197259	0	0	2.51509e+08
53	0	3.03953e-11	1.2014e-11	6.007e-12	2408.2	881.416	-19.4893	-4350.07	11886.2	44.4221	2564.51	3.62453e-09	0.00837097	256	0.197259	0	0	2.51762e+08
75	0	3.1984e-11	1.2014e-11	6.007e-12	1245.67	-1288.5	7.11292	10885.5	10523.8	19.0786	1792.19	4.46147e-07	0.00416407	256	0.197259	0	0	2.01706e+08
80	0	3.79127e-11	1.2014e-11	6.007e-12	-873.554	1714.41	-1.73151	-13019.8	-6634.08	-1.39853	1924.13	2.70722e-08	0.000904965	256	0.197259	0	0	1.75485e+08
83	0	3.38575e-11	1.2014e-11	6.007e-12	268.942	-1679.46	-3.06574	15347	2457.16	24.5543	1700.96	6.23132e-05	0.00239684	256	0.197259	0	0	1.84211e+08
103	0	3.42815e-11	1.2014e-11	6.007e-12	-12.2079	1934.58	-0.282541	-14572.6	-91.9611	-23.2435	1934.62	6.69855e-08	0.00160165	256	0.197259	0	0	1.942e+08
132	0	3.09379e-11	1.2014e-11	6.007e-12	506.131	-1718.06	-10.4957	14528.1	4279.27	101.024	1791.1	4.14837e-07	0.00887877	256	0.197259	0	0	2.08781e+08
134	0	3.09795e-11	1.2014e-11	6.007e-12	119.254	-1899.76	-11.6242	14662.4	920.748	-56.3163	1903.54	5.09228e-10	0.00721011	256	0.197259	0	0	2.14432e+08
135	0	3.06854e-11	1.2014e-11	6.007e-12	2188.75	-112.587	15.6744	703.329	13673.5	2.95263	2191.7	8.12093e-09	0.00715503	256	0.197259	0	0	2.3075e+08
171	0	3.18322e-11	1.2014e-11	6.007e-12	1444.09	1695.84	-4.91867	-10340.3	8805.24	-15.5145	2227.4	3.89569e-09	0.00248623	256	0.197259	0	0	2.25524e+08
173	0	3.08812e-11	1.2014e-11	6.007e-12	673.243	2199.51	8.7096	-12779.3	3911.44	39.0484	2300.26	3.00504e-07	0.00478262	256	0.197259	0	0	2.36288e+08
176	0	3.12858e-11	1.2014e-11	6.007e-12	931.706	1465.05	-12.2395	-12979.9	8255.4	5.07379	1736.24	3.85488e-05	0.00705713	256	0.197259	0	0	2.02683e+08
184	0	3.10229e-11	1.2014e-11	6.007e-12	2271.61	352.352	5.4986	-2049.25	13210.8	44.5163	2298.78	2.95705e-07	0.00409993	256	0.197259	0	0	2.35512e+08
13	0	3.03219e-11	1.2014e-11	6.007e-12	-2597.35	-1281.17	-19.2814	5268.59	-10681.8	39.5163	2896.2	3.94265e-09	0.00743846	512	0.394518	0	0	2.70102e+08
16	0	3.02528e-11	1.2014e-11	6.007e-12	3098.63	1096.15	22.7943	-3728.59	10540.2	-7.53801	3286.88	3.05802e-09	0.00696768	512	0.394518	0	0	2.86908e+08
36	0	3.05517e-11	1.2014e-11	6.007e-12	1689.08	-2395.07	5.85504	9675.78	6823.8	41.683	2930.77	5.35993e-09	0.00404787	512	0.394518	0	0	2.67888e+08
45	0	3.01827e-11	1.2014e-11	6.007e-12	-3571.55	1074.61	-19.8868	-3024.19	-10050.2	50.4875	3729.76	4.94092e-09	0.00718123	512	0.394518	0	0	3.08386e+08
54	0	3.03383e-11	1.2014e-11	6.007e-12	-204.178	3181	17.1385	-11329.7	-727.239	3.90284	3187.59	3.19252e-09	0.00538765	512	0.394518	0	0	2.83876e+08
60	0	3.05214e-11	1.2014e-11	6.007e-12	-1747.85	2728.53	-9.28534	-9481.68	-6073.74	17.2505	3240.36	2.58051e-09	0.00324935	512	0.394518	0	0	2.82664e+08
64	0	3.02599e-11	1.2014e-11	6.007e-12	-1770.87	-2394.66	-8.65368	9443.29	-6983.02	-97.4533	2978.33	2.45972e-09	0.00879148	512	0.394518	0	0	2.74256e+08
82	0	3.02359e-11	1.2014e-11	6.007e-12	-3451.99	-1323.35	-13.1339	3773.68	-9843.27	-43.1581	3696.98	5.20294e-09	0.00542048	512	0.394518	0	0	3.06188e+08
84	0	3.02958e-11	1.2014e-11	6.007e-12	878.551	-2638.38	1.6362	11532	3840.11	111.294	2780.81	3.07505e-09	0.00917513	512	0.394518	0	0	2.64345e+08
85	0	3.02859e-11	1.2014e-11	6.007e-12	-1048.8	3132.42	-13.387	-10575.3	-3540.61	48.9921	3303.37	1.35647e-09	0.00597677	512	0.394518	0	0	2.87029e+08
139	0	3.03424e-11	1.2014e-11	6.007e-12	-166.805	-3031.19	18.5544	11615.8	-639.185	4.37313	3035.83	3.12988e-09	0.0061234	512	0.394518	0	0	2.75667e+08
27	0	3.0252e-11	1.2014e-11	6.007e-12	-1574.81	3953.77	-12.8467	-9127.93	-3635.75	-16.2242	4255.88	6.14611e-09	0.00344071	1024	0.789037	0	0	3.26305e+08
56	0	3.01796e-11	1.2014e-11	6.007e-12	-3663.46	2335.02	-13.9859	-5226.82	-8200.68	-35.0204	4344.35	2.03297e-09	0.00483036	1024	0.789037	0	0	3.32519e+08
159	0	3.59575e-11	1.2014e-11	6.007e-12	-4213.85	677.674	-0.418521	-1557.86	-9686.95	0.86323	4267.99	3.95086e-09	0.000131745	1024	0.789037	0	0	2.76136e+08
