#ID	Type	M	WM	SWM	x	y	z	xv	vy	vz	a	e	i	N	dt	init_time	formation_time	P
190	0	4.22576e-08	0	0	-28.29	87.3501	1.89027	-58647.3	-18489.1	-676.169	79.535	0.154849	0.023412	2	0.00154109	0	0	32089.2
61	0	6.53858e-08	0	0	-26.9008	-88.5616	0.302956	67003.6	-21064.6	84.8431	104.156	0.111775	0.00347811	2	0.00154109	0	0	23599.7
114	0	2.94687e-08	0	0	-36.1211	-75.5862	0.909779	69552.7	-30480.2	162.202	101.66	0.178822	0.011142	2	0.00154109	0	0	51867.8
127	1	1.56223e-06	0	0	-78.9802	-1.96653	-0.00157119	2384.43	-72316	-41.8825	79.5386	0.0104939	0.000579366	2	0.00154109	0	132291	874.904
123	0	3.91425e-08	0	0	93.4939	-106.409	-0.125136	36921.4	35451.7	653.371	129.174	0.106119	0.0127679	2	0.00154109	0	0	44040.9
58	0	4.08567e-08	0	0	-129.193	-62.691	2.18045	17193.6	-47639.6	230.611	130.168	0.147103	0.0154711	2	0.00154109	0	0	42520.2
42	0	2.62633e-08	0	0	-56.4264	93.3873	0.124884	-56672.5	-31017.2	412.942	122.389	0.116514	0.00645093	2	0.00154109	0	0	63664
183	0	4.65465e-08	0	0	-35.9278	132.521	0.0923737	-54160.9	-6690.51	-28.8725	136.66	0.14144	0.000922032	2	0.00154109	0	0	37998.9
98	0	8.15287e-09	0	0	-134.696	83.2612	-0.048195	-26813.1	-40775.2	-638.547	146.36	0.0865692	0.013084	2	0.00154109	0	0	224719
163	0	6.62181e-09	0	0	-155.423	8.49029	-0.578388	-5277.64	-49894.3	-310.688	148.773	0.0686764	0.00706702	2	0.00154109	0	0	280398
195	0	4.75805e-08	0	0	135.475	18.3506	-6.83693	-14658.4	50471.1	-2569.72	127.035	0.163758	0.0756028	2	0.00154109	0	0	35776.6
201	1	1.71352e-07	0	0	141.683	-5.86168	0.0121436	3707.66	55957.4	41.7092	155.058	0.088977	0.000746774	2	0.00154109	34298.6	0	11082.3
102	0	2.63529e-07	0	0	175.513	103.795	0.000474581	-22291.8	34719.6	-150.061	176.529	0.15928	0.00363934	2	0.00154109	0	0	7680.75
119	0	1.44993e-07	0	0	-20.3491	-162.854	-0.635804	51455.6	-6320.37	-52.1781	177.164	0.0736444	0.00400463	2	0.00154109	0	0	14010.5
93	0	1.33375e-07	0	0	-82.3579	-129.278	0.234234	43095.8	-34338.2	439.047	176.773	0.16901	0.0079976	2	0.00154109	0	0	15121.8
92	0	1.51142e-08	0	0	15.0921	196.203	-0.504005	-45964.7	0.588857	-2.18782	199.158	0.0775979	0.00257289	2	0.00154109	0	0	141707
167	0	3.40516e-07	0	0	-35.8833	-136.7	-0.125792	56270.6	-10507.1	72.0748	161.927	0.145892	0.00149252	2	0.00154109	0	511432	5677.98
118	0	2.48934e-08	0	0	218.037	33.7977	-1.53051	-8607.58	40695.9	-79.4571	206.061	0.0893139	0.00730557	2	0.00154109	0	0	87132.6
9	1	2.46539e-07	0	0	-187.274	-77.9855	-0.47687	15745.9	-43316.8	72.3756	213.291	0.0670262	0.00288932	2	0.00154109	0	0	9018.84
25	0	5.11422e-09	0	0	230.995	47.8868	3.06218	-9917.4	38935.2	-662.994	219.924	0.0855906	0.0205487	2	0.00154109	0	0	442470
7	1	2.48154e-07	0	0	198.687	-98.4355	0.189752	19032.3	35513.9	119.87	197.304	0.127822	0.00307079	2	0.00154109	0	0	8608.46
29	0	9.88933e-08	0	0	213.891	95.4078	-7.30272	-19804.6	35047.5	-773.636	217.885	0.12029	0.0382976	2	0.00154109	0	0	22541.4
196	0	2.78328e-08	0	0	121.843	123.293	-2.08454	-30759.5	37098.9	179.731	169.944	0.100849	0.0130013	2	0.00154109	0	0	71434.3
50	0	1.94533e-08	0	0	91.5232	205.004	0.918868	-39567.5	16771	201.616	226.597	0.0210913	0.00628519	2	0.00154109	0	0	117443
41	0	6.12671e-08	0	0	-149.955	108.869	-0.137426	-25384.7	-35993.8	-186.75	164.716	0.125753	0.00431478	2	0.00154109	0	0	31878.4
71	0	4.95168e-08	0	0	-58.4541	210.61	1.13085	-42441.3	-13479.1	127.186	231.28	0.0660711	0.00600509	2	0.00154109	0	0	46393.7
153	0	1.74311e-07	0	0	168.671	-191.673	-1.29082	27805.3	29119.4	664.94	257.299	0.087126	0.0169093	2	0.00154109	0	0	14053.1
170	0	9.18086e-08	0	0	15.6647	226.874	0.787609	-43943.2	3152.93	322.82	245.697	0.0744553	0.00809614	2	0.00154109	0	0	26062.5
161	0	2.36658e-07	0	0	-268.113	-46.5294	0.215336	8355.55	-37467.4	75.1084	265.75	0.0532542	0.00214758	2	0.00154109	0	0	10521.7
148	0	6.05681e-09	0	0	255.221	-63.8472	-1.91561	10661.1	38620.3	-215.243	270.649	0.036969	0.00894588	2	0.00154109	0	0	414362
66	0	3.08707e-08	0	0	-284.52	48.0569	0.607262	-6404.59	-37341.6	-34.6892	290.912	0.00850492	0.00229721	2	0.00154109	0	0	83671
144	0	2.72196e-08	0	0	-308.808	-35.8219	-0.777085	5057.4	-35347.2	-70.847	300.295	0.0441592	0.00323363	2	0.00154109	0	0	96534.6
46	0	1.81105e-08	0	0	-239	-191.909	-1.35483	23829.2	-27659.3	-38.5583	304.803	0.0350421	0.00458268	2	0.00154109	0	0	145769
26	0	5.81449e-08	0	0	86.5142	298.181	0.916196	-34162.8	11131.9	-88.7865	303.09	0.0407017	0.00391224	2	0.00154109	0	0	45408.7
185	0	3.6183e-08	0	0	78.0396	-288.453	-1.38494	36209	9875.64	-20.8356	306.34	0.0246145	0.00466889	2	0.00154109	0	0	73081.5
24	0	4.41862e-08	0	0	297.737	125.651	1.50541	-13376.2	32707	16.3709	317.509	0.0210141	0.00467643	2	0.00154109	0	0	61092.8
14	0	6.74108e-08	0	3.0035e-13	58.5003	319.301	0.497924	-35020.7	6176.1	38.5914	324.342	0.00669476	0.00188488	2	0.00154109	0	0	40659.2
4	1	2.28553e-07	0	3.00951e-10	-321.363	-201.823	-0.166505	17496.7	-27870.3	-12.5218	379.558	0.000260224	0.00058074	16	0.0123287	0	0	12969.1
6	1	1.85863e-07	0	3.0035e-10	-407.464	5.60142	-0.0675866	-443.068	-31749	22.138	407.491	0.000210006	0.000716703	16	0.0123287	0	0	16443.6
33	0	2.71859e-08	0	3.0035e-13	-24.9162	352.252	0.997095	-34025.6	-2425.54	-59.1311	353.188	0.000574649	0.00331239	16	0.0123287	0	0	104586
90	0	4.19234e-09	0	3.0035e-13	183.911	-350.643	0.940227	28524.8	14958.2	238.411	395.88	0.000198827	0.00777327	16	0.0123287	0	0	719854
154	0	4.25466e-09	0	3.0035e-13	324.899	181.48	-0.129578	-16192.3	29004.3	325.201	371.994	0.00047227	0.00979582	16	0.0123287	0	0	691554
160	0	3.03008e-09	0	3.0035e-13	397.587	48.7794	1.18152	-3903.86	31785.9	256.468	400.56	0.000105871	0.0085345	16	0.0123287	0	0	1.00703e+06
3	1	6.17192e-08	0	3.0035e-09	500.632	132.778	1.55836	-7221.39	27222.9	120.239	517.947	3.25818e-05	0.00522296	32	0.0246574	0	0	55764.3
11	0	4.10915e-08	0	3.0035e-12	-456.93	-26.0716	-0.431788	1371.82	-29920.4	-24.4401	457.375	0.0111991	0.00124052	32	0.0246574	0	0	78678.3
17	0	2.01409e-09	0	3.0035e-13	-273.638	315.222	0.672026	-23694.4	-20561.8	-298.126	417.441	0.000153359	0.00963826	32	0.0246574	0	0	1.54738e+06
28	0	1.88236e-09	0	3.0035e-12	-114.786	418.674	3.55126	-29667.9	-8133.86	-93.6742	434.131	2.86471e-05	0.00872844	32	0.0246574	0	0	1.67865e+06
38	0	1.60088e-09	0	3.0035e-12	441.067	-233.994	2.50485	13444.1	25337.9	91.8101	499.237	0.000144755	0.00595068	32	0.0246574	0	0	2.10902e+06
43	0	3.50883e-09	0	3.0035e-12	-544.692	-117.221	0.159021	5747.47	-26543.4	-100.841	557.306	0.0012936	0.00372364	32	0.0246574	0	0	1.01821e+06
48	0	1.01642e-08	0	3.0035e-12	-168.806	-502.558	-0.483219	26390.1	-8864.6	24.4471	530.181	5.80266e-05	0.00126568	32	0.0246574	0	0	342180
57	0	1.58197e-09	0	3.0035e-13	-359.903	230.816	-4.05878	-16735.4	-26092.4	-41.3754	427.577	5.49138e-05	0.00958595	32	0.0246574	0	0	1.98911e+06
65	0	5.70279e-10	0	3.0035e-12	10.7375	-507.554	-4.04978	28439.3	602.066	164.864	507.629	0.000123759	0.00985998	32	0.0246574	0	0	5.99625e+06
74	0	3.2423e-08	0	3.0035e-12	-219.363	-413.563	-0.385719	26207.3	-13638.9	37.0649	465.6	0.00954879	0.00149558	32	0.0246574	0	0	100753
88	0	9.79698e-10	0	3.0035e-12	495.218	-234.551	0.446931	11720.1	24746.3	156.041	547.934	4.03624e-05	0.00575682	32	0.0246574	0	0	3.64419e+06
96	0	8.25457e-10	6.007e-12	6.007e-12	-279.963	-534.797	2.51116	23112.4	-12100.4	-73.5044	603.641	3.30636e-05	0.0050244	32	0.0246574	0	0	4.53942e+06
100	0	3.30177e-10	1.2014e-11	6.007e-12	589.95	278.907	1.47049	-10723.5	22684.7	-166.795	652.57	2.77239e-05	0.00701898	32	0.0246574	0	0	1.16768e+07
106	0	8.81946e-10	0	3.0035e-12	-92.4241	572.005	0.888649	-26287.4	-4247.37	-140.428	579.435	1.84829e-05	0.00549207	32	0.0246574	0	0	4.15678e+06
107	0	3.93224e-09	0	3.0035e-12	-490.887	-233.487	0.224375	11808	-24827	-99.5568	543.587	2.64522e-05	0.00364475	32	0.0246574	0	0	901547
117	0	4.31212e-10	6.007e-12	6.007e-12	453.328	425.357	1.40155	-17590.3	18747.6	-160.758	621.637	5.14325e-06	0.00664723	32	0.0246574	0	0	8.78037e+06
129	0	1.72944e-09	0	3.0035e-12	436.747	313.635	-0.164008	-16123.4	22452.7	153.987	537.697	7.60854e-06	0.00557902	32	0.0246574	0	0	2.02373e+06
143	0	5.2189e-10	6.007e-12	6.007e-12	593.877	-29.7596	4.21706	1299.73	26252.5	9.80055	594.594	0.000602151	0.0071019	32	0.0246574	0	0	7.06656e+06
145	0	6.21765e-08	0	3.0035e-12	-53.7744	454.534	-0.546666	-29919.3	-3233.3	35.5959	461.81	0.0134618	0.00168952	32	0.0246574	0	0	52200.9
165	0	5.64813e-09	6.007e-12	6.007e-12	-229.877	584.148	1.14515	-23806	-9367.86	-14.0418	627.749	1.44863e-05	0.00190499	32	0.0246574	0	0	672751
174	0	1.27965e-07	0	3.0035e-12	-262.496	410.36	0.00340999	-24464.2	-15648.4	23.2803	487.112	4.95004e-05	0.00080167	32	0.0246574	0	0	26188.8
179	0	9.52999e-09	0	3.0035e-12	188.039	-455.518	-0.546643	26689	11030.2	46.9233	492.959	0.000520657	0.001967	32	0.0246574	0	0	355128
181	0	5.07623e-09	0	3.0035e-12	395.244	395.969	0.66297	-19154.6	19150.3	56.8182	558.923	0.00127343	0.00240845	32	0.0246574	0	0	707879
198	0	4.28662e-09	1.2014e-11	1.2014e-11	587.951	102.061	-0.311711	-4486.13	25852.7	-75.1089	596.745	6.14319e-05	0.00290971	32	0.0246574	0	0	864123
202	1	7.02383e-08	1.2014e-08	6.007e-09	-696.604	-469.556	-0.368652	12360.7	-18337.8	-0.666659	840.082	4.76098e-06	0.000439862	64	0.0493148	259850	0	62466.2
10	1	4.79213e-08	1.2014e-08	6.007e-09	140.391	673.797	-2.39827	-23918.6	4983.69	55.8031	688.276	8.69349e-06	0.00416632	64	0.0493148	0	0	83088.8
18	0	3.10095e-10	1.2014e-11	6.007e-12	177.716	712.901	3.62137	-22944.7	5718.39	4.12345	734.686	8.0328e-05	0.00493197	64	0.0493148	0	0	1.3236e+07
20	0	2.84692e-10	1.2014e-11	6.007e-12	624.079	381.152	-3.8729	-12355.9	20227.7	-43.3664	731.277	5.84733e-05	0.00560332	64	0.0493148	0	0	1.4385e+07
22	0	1.16471e-10	1.2014e-11	6.007e-12	536.738	613.633	2.82187	-16896.4	14779.9	-160.647	815.259	4.14789e-06	0.00794928	64	0.0493148	0	0	3.73041e+07
23	0	3.41312e-08	1.2014e-11	6.007e-12	-481.835	-562.333	0.331424	17886.4	-15326	-5.32184	740.526	5.00843e-06	0.000501347	64	0.0493148	0	0	121171
44	0	1.37301e-09	1.2014e-11	6.007e-12	773.908	231.719	-1.45209	-6468.61	21604	-4.60641	807.856	3.541e-06	0.00180904	64	0.0493148	0	0	3.14943e+06
47	0	7.10525e-11	1.2014e-11	6.007e-12	-284.893	-995.376	5.2426	19151	-5481.88	-98.3875	1035.36	1.03318e-06	0.00707351	64	0.0493148	0	0	6.90346e+07
63	0	6.74691e-11	1.2014e-11	6.007e-12	-454.492	-840.789	6.86293	18238.9	-9858.3	130.702	955.799	1.32291e-05	0.00955512	64	0.0493148	0	0	6.93262e+07
104	0	1.3163e-10	1.2014e-11	6.007e-12	474.623	-650.628	-3.74106	18247.4	13310.5	130.288	805.356	1.18312e-06	0.00740629	64	0.0493148	0	0	3.26754e+07
112	0	1.02901e-09	1.2014e-11	6.007e-12	938.086	-163.048	1.14461	3557.1	20465.8	-12.084	952.152	2.64459e-06	0.00133548	64	0.0493148	0	0	4.52804e+06
121	0	2.85381e-10	1.2014e-11	6.007e-12	-723.002	297.349	2.60776	-8719.49	-21201.8	70.8003	781.766	4.94365e-06	0.0045459	64	0.0493148	0	0	1.49261e+07
136	0	3.17701e-10	2.4028e-11	1.2014e-11	-722.585	205.772	1.73054	-6405.26	-22489.5	-147.599	751.288	4.11934e-05	0.00671911	64	0.0493148	0	0	1.30873e+07
140	0	3.60436e-10	1.2014e-11	6.007e-12	661.778	60.1084	-0.218388	-2249.59	24762.7	150.246	664.486	3.07531e-05	0.0060514	64	0.0493148	0	0	1.08031e+07
142	0	6.81235e-11	1.2014e-11	6.007e-12	-610.804	-826.082	2.85304	16078.9	-11889.2	-143.35	1027.37	1.30332e-06	0.00768753	64	0.0493148	0	0	7.14597e+07
155	0	2.98092e-09	2.4028e-11	1.2014e-11	-463.275	-533.779	-0.948257	18208.7	-15802.4	37.4128	706.751	6.19042e-05	0.00205131	64	0.0493148	0	0	1.35693e+06
168	0	9.74202e-10	1.2014e-11	6.007e-12	-529.144	-479.052	-1.4887	16101.6	-17785.4	-46.9022	713.765	2.65793e-05	0.00285862	64	0.0493148	0	0	4.16557e+06
180	0	7.54222e-11	1.2014e-11	6.007e-12	-282.429	952.045	-3.04909	-19499.8	-5785.12	-135.426	993.06	1.60134e-06	0.00733197	64	0.0493148	0	0	6.3728e+07
188	0	1.26168e-10	1.2014e-11	6.007e-12	-757.124	106.234	-1.51768	-3221.52	-22955.8	200.684	764.544	5.26167e-06	0.00888185	64	0.0493148	0	0	3.33228e+07
191	0	2.25924e-09	1.2014e-11	6.007e-12	600.871	-355.597	-0.676699	12352.8	20878.2	1.18662	698.269	0.000136691	0.000970421	64	0.0493148	0	0	1.7718e+06
203	1	3.02065e-08	1.2014e-08	6.007e-09	1506.92	-262.684	0.458704	2814.36	16144.6	-162.676	1529.64	2.08068e-07	0.00993072	128	0.0986296	363422	0	195928
35	0	5.39099e-11	1.2014e-11	6.007e-12	-1121.2	118.848	7.93414	-2012.86	-18982.4	-97.9305	1127.51	4.71852e-06	0.00870853	128	0.0986296	0	0	9.44066e+07
51	0	5.71385e-11	1.2014e-11	6.007e-12	-1351.75	193.697	5.81342	-2460.26	-17170.1	29.793	1365.57	1.10339e-06	0.00459061	128	0.0986296	0	0	9.85305e+07
68	0	3.96901e-11	1.2014e-11	6.007e-12	-256.882	-1426.66	-12.944	16568.5	-2982.76	-57.3947	1449.66	2.88682e-07	0.00955785	128	0.0986296	0	0	1.46209e+08
69	0	4.00159e-11	1.2014e-11	6.007e-12	7.17027	-1497.84	-12.0349	16561.3	78.8987	46.7271	1497.9	4.9443e-07	0.00851562	128	0.0986296	0	0	1.4724e+08
76	0	5.16896e-11	1.2014e-11	6.007e-12	-910.116	648.048	-10.0719	-11121.7	-15621.2	-68.3285	1117.31	2.89299e-05	0.00969338	128	0.0986296	0	0	9.79832e+07
79	0	1.1006e-10	1.2014e-11	6.007e-12	45.8062	1418.77	2.28753	-17003.9	548.959	14.5835	1419.51	2.92701e-07	0.0018253	128	0.0986296	0	0	5.19106e+07
86	0	4.05e-11	1.2014e-11	6.007e-12	-1440.39	801.89	-9.82471	-7678.7	-13793.2	-29.8803	1648.59	1.50898e-06	0.00625287	128	0.0986296	0	0	1.52986e+08
89	0	5.95158e-11	1.2014e-11	6.007e-12	661.976	1344.91	-4.74931	-14853.7	7311.04	-17.2821	1499.01	1.5582e-06	0.00333585	128	0.0986296	0	0	9.88521e+07
91	0	4.5698e-11	1.2014e-11	6.007e-12	-1183.49	525.319	10.3419	-7226.99	-16280.6	-53.6424	1294.88	4.36486e-07	0.00853572	128	0.0986296	0	0	1.19318e+08
131	0	7.08094e-11	1.2014e-11	6.007e-12	1252.67	-127.748	-5.18545	1832.55	17970.2	-12.6454	1259.18	5.51495e-07	0.00417722	128	0.0986296	0	0	7.59926e+07
137	0	4.25863e-10	1.2014e-11	6.007e-12	-687.144	-1111.59	-0.194039	15082.1	-9323.14	-15.2937	1306.83	4.54538e-07	0.000875227	128	0.0986296	0	0	1.28639e+07
138	0	6.11798e-11	1.2014e-11	6.007e-12	1230.63	-282.308	6.19748	4033.25	17582.2	24.6313	1262.61	4.51751e-07	0.00509488	128	0.0986296	0	0	8.84901e+07
152	0	4.17067e-11	1.2014e-11	6.007e-12	-812.418	1228.5	10.2874	-13930.8	-9213.02	55.0508	1472.87	6.9277e-07	0.00772335	128	0.0986296	0	0	1.39532e+08
157	0	1.086e-10	1.2014e-11	6.007e-12	701.924	-824.985	1.54211	14833	12620.5	70.9321	1083.19	1.10399e-06	0.00391047	128	0.0986296	0	0	4.57754e+07
197	0	5.35836e-08	1.2014e-11	6.007e-12	-121.341	-1086.96	-0.10721	19262	-2150.27	-2.16196	1093.72	1.15387e-06	0.000148497	128	0.0986296	0	0	94243.8
5	1	3.11394e-08	1.2014e-08	6.007e-09	-1658.33	400.342	8.56484	-3641.72	-15085.3	12.9615	1705.99	3.17018e-07	0.00508947	256	0.197259	0	0	201479
15	0	3.26086e-11	1.2014e-11	6.007e-12	-1634.12	-1577.68	21.2756	9340.86	-9675.59	-40.0411	2271.54	2.88269e-08	0.00982815	256	0.197259	0	0	2.21668e+08
30	0	3.40374e-11	1.2014e-11	6.007e-12	-2392.95	-932.436	-6.34937	4592.26	-11785	-48.2362	2568.21	9.30975e-09	0.00454494	256	0.197259	0	0	2.26774e+08
53	0	3.22021e-11	1.2014e-11	6.007e-12	1780.41	-1845.69	-16.1232	9109.3	8787.7	-69.9683	2564.51	2.48128e-08	0.00837174	256	0.197259	0	0	2.37637e+08
75	0	4.27385e-11	1.2014e-11	6.007e-12	1670.93	648.004	4.7589	-5474.38	14116.5	-48.8824	1792.19	8.41339e-07	0.00418021	256	0.197259	0	0	1.5095e+08
80	0	9.64554e-11	1.2014e-11	6.007e-12	1773.48	-746.365	1.44374	5668.16	13468.4	-7.51806	1924.13	1.06104e-07	0.000909782	256	0.197259	0	0	6.89762e+07
83	0	7.00169e-11	1.2014e-11	6.007e-12	118.24	1697.07	-1.31919	-15503.3	1076.89	-22.3795	1701.21	0.000209865	0.00163571	256	0.197259	0	0	8.90517e+07
103	0	6.09172e-11	1.2014e-11	6.007e-12	1894.72	390.84	2.96848	-2944.07	14272.4	-6.7869	1934.62	1.1746e-07	0.00160352	256	0.197259	0	0	1.09287e+08
132	0	3.56327e-11	1.2014e-11	6.007e-12	506.134	-1718.06	-10.3173	14528.1	4279.32	101.685	1791.09	1.63908e-06	0.00884643	256	0.197259	0	0	1.81274e+08
134	0	3.58961e-11	1.2014e-11	6.007e-12	-636.684	1793.85	13.1761	-13845.1	-4914.2	29.2842	1903.53	1.14541e-07	0.00720326	256	0.197259	0	0	1.85062e+08
135	0	3.4008e-11	1.2014e-11	6.007e-12	1709.45	-1371.55	12.445	8567.93	10679.3	59.6145	2191.7	3.78471e-08	0.00715551	256	0.197259	0	0	2.08206e+08
171	0	4.16773e-11	1.2014e-11	6.007e-12	-2018.97	-940.771	3.41563	5736.32	-12310.5	26.5952	2227.4	4.19232e-08	0.00248718	256	0.197259	0	0	1.7225e+08
173	0	3.52557e-11	1.2014e-11	6.007e-12	-1454.46	1782.03	10.4328	-10353.8	-8450.48	-20.4592	2300.26	2.50496e-06	0.00478688	256	0.197259	0	0	2.0697e+08
176	0	3.77922e-11	1.2014e-11	6.007e-12	-932.176	1464.86	-4.38627	-12977.4	-8257.76	105.679	1736.25	4.07542e-05	0.00731998	256	0.197259	0	0	1.67788e+08
184	0	3.61815e-11	1.2014e-11	6.007e-12	-1061.73	-2038.89	-9.40749	11857.5	-6174.66	-0.546865	2298.78	2.53907e-06	0.00409258	256	0.197259	0	0	2.01933e+08
13	0	3.1754e-11	1.2014e-11	6.007e-12	-2096.36	1998.25	-15.6575	-8217.48	-8621.44	-60.8511	2896.2	1.77726e-08	0.00743844	512	0.394518	0	0	2.5792e+08
16	0	3.13352e-11	1.2014e-11	6.007e-12	-1047.38	-3115.51	-12.305	10597.2	-3562.85	65.7054	3286.88	1.86968e-08	0.00696806	512	0.394518	0	0	2.76998e+08
36	0	3.3169e-11	1.2014e-11	6.007e-12	-1834.05	2285.96	-6.48369	-9234.99	-7409.46	-40.1347	2930.77	1.03647e-08	0.0040478	512	0.394518	0	0	2.4675e+08
45	0	3.09133e-11	1.2014e-11	6.007e-12	-3221.66	-1879.38	-0.436741	5288.4	-9065.47	75.3588	3729.76	1.07355e-08	0.00718112	512	0.394518	0	0	3.01098e+08
54	0	3.18539e-11	1.2014e-11	6.007e-12	-2689.09	1711.55	10.9926	-6096.05	-9577.47	-46.9928	3187.59	1.23089e-08	0.00538757	512	0.394518	0	0	2.70369e+08
60	0	3.29804e-11	1.2014e-11	6.007e-12	-2678.73	1823.26	-6.58952	-6335.86	-9308.55	28.5365	3240.36	9.304e-09	0.00324931	512	0.394518	0	0	2.61588e+08
64	0	3.13779e-11	1.2014e-11	6.007e-12	-2048.87	-2161.61	-5.58934	8524.2	-8079.33	-100.875	2978.33	9.15997e-09	0.00879143	512	0.394518	0	0	2.64484e+08
82	0	3.12331e-11	1.2014e-11	6.007e-12	-1674.31	3296.08	13.69	-9398.84	-4774.15	-41.7317	3696.98	1.85173e-08	0.00542065	512	0.394518	0	0	2.96413e+08
84	0	3.15957e-11	1.2014e-11	6.007e-12	-2118.82	1800.91	-14.6002	-7871.44	-9261.68	-91.4583	2780.81	1.67576e-08	0.00917514	512	0.394518	0	0	2.5347e+08
85	0	3.15355e-11	1.2014e-11	6.007e-12	-2945.87	1494.69	0.656657	-5046.03	-9945.23	66.6142	3303.37	2.59113e-08	0.00597646	512	0.394518	0	0	2.75656e+08
139	0	3.18788e-11	1.2014e-11	6.007e-12	2300.08	-1981.35	12.2218	7592.72	8813.79	-53.6776	3035.83	7.712e-09	0.00612356	512	0.394518	0	0	2.62382e+08
27	0	3.13301e-11	1.2014e-11	6.007e-12	644.278	4206.82	-7.52682	-9712.1	1487.36	-28.9984	4255.88	7.26485e-08	0.00344071	1024	0.789037	0	0	3.15076e+08
56	0	3.08946e-11	1.2014e-11	6.007e-12	-1456.62	4092.88	-1.42805	-9161.78	-3260.62	-46.8657	4344.35	7.90128e-09	0.0048304	1024	0.789037	0	0	3.24823e+08
159	0	7.64089e-11	1.2014e-11	6.007e-12	-2401.26	3528.42	-0.558835	-8111.26	-5520.1	-0.117113	4267.99	5.5897e-08	0.000131479	1024	0.789037	0	0	1.29948e+08
