#ID	Type	M	WM	SWM	x	y	z	xv	vy	vz	a	e	i	N	dt	init_time	formation_time	P
1	1	1.04092e-07	0	0	-67.547	18.7473	0.381536	-21037.8	-73746.6	-271.78	70.3458	0.00794011	0.00651611	2	0.00154109	0	0	12208.4
2	1	2.34711e-07	0	0	31.9658	-91.2006	-0.216853	63036.1	17635.2	161.434	97.4015	0.0647506	0.00344648	2	0.00154109	0	0	6406.5
81	0	7.50182e-09	0	0	54.4537	76.5499	0.401416	-52975.4	37500.7	-253.433	90.6135	0.0368152	0.00578167	2	0.00154109	0	0	192189
94	0	1.06331e-07	0	0	-11.2615	-87.1918	-0.0936403	67566.1	-13401.2	153.132	89.2829	0.0690119	0.00253465	2	0.00154109	0	0	13507.8
130	0	6.88945e-08	0	0	-34.9881	85.8984	0.304268	-58570.7	-27565.1	-23.2044	87.998	0.0756569	0.00328567	2	0.00154109	0	0	20724.4
151	0	7.84497e-08	0	0	38.9391	-63.5649	-0.660173	65993.8	41675.1	-315.393	83.3264	0.106232	0.00978511	2	0.00154109	0	0	17678.5
156	0	3.91877e-08	0	0	-30.7829	-63.2817	-0.318912	67349.6	-34010	273.818	68.6604	0.0290244	0.00584845	2	0.00154109	0	0	32111.1
162	0	3.67133e-08	0	0	-57.4772	-47.9816	0.0533596	43734.6	-59587.4	-309.075	74.5473	0.0625519	0.00429377	2	0.00154109	0	0	35776.5
172	0	2.73818e-08	0	0	-70.6313	-26.0293	-0.549766	22505.1	-70326.6	-377.676	75.2017	0.0434038	0.00874082	2	0.00154109	0	0	48230.3
189	0	4.79479e-08	0	0	64.4724	40.0569	-0.482507	-36659.7	66172.3	-70.5934	80.5145	0.0759676	0.0063866	2	0.00154109	0	0	28569.8
190	0	4.22544e-08	0	0	18.8998	96.3402	0.101832	-62600.9	9961.48	455.159	94.4191	0.0535754	0.00729634	2	0.00154109	0	0	34878.8
192	0	9.84415e-08	0	0	-83.2722	27.6159	-0.0599699	-14110.8	-64763.4	-16.1076	82.6217	0.122114	0.000753441	2	0.00154109	0	0	14005.9
200	0	5.85343e-08	0	0	59.2579	-72.6784	0.433887	51578.3	42228.1	404.671	95.1312	0.0143902	0.00764024	2	0.00154109	0	0	25385.4
61	0	6.29043e-08	0	0	-28.0706	109.88	1.17739	-56106.8	-16230	159.955	107.168	0.0662003	0.0108249	2	0.00154109	0	0	25117.1
49	0	3.40302e-08	0	0	-20.4315	112.172	0.516321	-57191.4	-12520	-156.52	108.716	0.0602151	0.00517992	2	0.00154109	0	0	46687.9
114	0	1.91098e-08	0	0	-110.48	22.0087	-0.520991	-10691.3	-59824.3	-281.148	114.098	0.0234803	0.00660711	2	0.00154109	0	0	84683.7
127	0	7.49878e-07	0	0	117.678	-8.47884	-0.156203	5414.71	60888.1	-137.031	127.282	0.0749449	0.00258462	2	0.00154109	0	132291	2296.73
123	0	3.91422e-08	0	0	122.124	-24.5824	-0.46539	7776.66	57698.5	772.949	128.154	0.0704133	0.0135851	2	0.00154109	0	0	43725.4
58	0	4.03923e-08	0	0	132.336	-22.7018	0.818469	12193	54979.6	348.635	139.358	0.0605653	0.00848531	2	0.00154109	0	0	44604.2
42	0	2.58139e-08	0	0	124.878	-25.6088	1.53811	14777.2	56888.6	228.323	137.374	0.0886579	0.0124988	2	0.00154109	0	0	68577.3
110	0	1.93334e-08	0	0	-31.1059	-126.041	0.411969	55716.7	-11217.1	-91.087	132.565	0.0479612	0.00349587	2	0.00154109	0	0	90699.2
55	0	3.12647e-07	0	0	-29.2499	-101.735	0.200247	60331.5	-19046.8	94.0197	109.276	0.0405757	0.002376	2	0.00154109	0	178926	5099.01
183	0	4.52017e-08	0	0	-112.579	103.359	0.49447	-32439.5	-38582.1	-65.5762	144.887	0.0700055	0.00343741	2	0.00154109	0	0	40437.5
98	0	8.15283e-09	0	0	-138.309	59.9365	0.759814	-20157.8	-47755.8	-212.931	148.634	0.0170707	0.00647232	2	0.00154109	0	0	228176
163	0	6.62181e-09	0	0	32.2167	138.529	0.046002	-53053.2	13290.6	-34.2557	147.46	0.0393346	0.000709876	2	0.00154109	0	0	278913
195	0	4.75804e-08	0	0	9.36788	115.619	-0.299599	-60964.9	4641.17	-67.1653	122.807	0.0556534	0.00281164	2	0.00154109	0	0	35315.6
201	1	1.26146e-07	0	0	-68.4958	-142.308	-0.452312	46074.2	-22035.5	-62.6925	158.359	0.00365503	0.00311872	4	0.00308217	34298.6	0	15108.8
7	1	1.04609e-07	0	0	-216.6	-59.9461	0.49707	12852.3	-40810.6	-79.3476	225.061	0.0351169	0.00283778	8	0.00616435	0	0	21902
9	1	1.11722e-07	0	0	191.346	-73.5183	0.679988	14469.9	43444.5	-17.6323	214.9	0.0646295	0.00332559	8	0.00616435	0	0	20045.6
19	0	4.48589e-08	0	0	152.275	-95.4066	-0.327636	24937.4	40710.8	-44.8255	179.135	0.0105804	0.00205937	8	0.00616435	0	0	45290
21	0	2.50327e-08	0	0	-169.689	29.1793	0.953212	-8131.91	-48108.7	54.4193	171.781	0.00367589	0.00565044	8	0.00616435	0	0	79545.5
25	0	1.75797e-09	0	0	-224.798	-60.4203	-1.07351	10184.3	-40324.7	543.555	228.265	0.0248936	0.0139255	8	0.00616435	0	0	1.31016e+06
29	0	9.43251e-08	0	0	-213.844	90.6293	-1.84986	-17013.2	-38277.2	207.677	230.404	0.0191315	0.00945584	8	0.00616435	0	0	24549.2
31	0	3.62393e-08	0	0	59.2186	168.316	0.00845074	-45490	16147.6	-326.148	180.592	0.0122955	0.00675683	8	0.00616435	0	0	56442.4
41	0	3.82688e-08	0	0	-154.958	-59.6377	0.543826	18044.5	-46368	207.535	166.119	0.00375327	0.00531298	8	0.00616435	0	0	51335.9
50	0	1.46258e-08	0	0	209.868	-86.6228	-2.10209	17060.3	39006.8	148.111	227.44	0.0208863	0.00996012	8	0.00616435	0	0	156839
67	0	1.38438e-08	0	0	-137.252	131.482	0.385437	-35763.1	-31154.7	102.057	198.134	0.0988125	0.00283215	8	0.00616435	0	0	154519
70	0	7.96199e-09	0	0	197.503	66.3458	2.01477	-15734.7	41652.6	283.908	209.5	0.037436	0.0117866	8	0.00616435	0	0	275921
71	0	1.20352e-08	0	0	-238.187	-5.903	-1.23171	1173.02	-41469.9	-386.814	237.836	0.00389046	0.0106766	8	0.00616435	0	0	195583
78	0	4.75062e-08	0	0	156.831	-137.794	-0.327607	28175.3	35249	243.845	216.281	0.0580574	0.00556233	8	0.00616435	0	0	47057.3
92	0	1.41767e-08	0	0	-122.565	-150.421	-0.0924846	36233.1	-29383.8	364.155	199.587	0.0279259	0.00781936	8	0.00616435	0	0	152171
93	0	5.21834e-08	0	0	144.831	-125.436	0.271027	32221.7	34322.9	-69.6195	198.253	0.0522449	0.00208866	8	0.00616435	0	0	40961.1
97	0	3.59485e-08	0	0	-123.783	-145.98	0.178682	35371.2	-29579.9	-4.73545	189.583	0.0117495	0.000938528	8	0.00616435	0	0	57935.7
99	0	1.11473e-08	0	0	-188.766	99.9242	0.466873	-20866.6	-38208.5	-318.854	210.495	0.0195948	0.00767101	8	0.00616435	0	0	197493
102	0	1.52517e-07	0	0	181.862	37.5925	-0.738962	-13813.4	46369.8	-1.59235	197.171	0.10334	0.00399677	8	0.00616435	0	0	14017.4
118	0	2.26063e-08	0	0	-183.519	-59.7558	0.431673	15961	-44296.7	-269.003	201.353	0.0517967	0.00607324	8	0.00616435	0	0	94858.7
119	0	8.06866e-08	0	0	-3.34905	191.832	-0.73219	-46229.7	206.736	-86.5723	191.491	0.0220194	0.00421491	8	0.00616435	0	0	26201.2
141	0	8.82523e-09	0	0	52.2373	-200.192	-1.34557	42779	13026.1	-20.0577	208.362	0.0409239	0.00654236	8	0.00616435	0	0	248778
150	0	9.14401e-08	0	0	61.7045	-185.606	-0.25778	44841.1	13060.3	-192.36	203.418	0.0537214	0.00428003	8	0.00616435	0	0	23801.3
167	0	8.44563e-08	0	0	152.645	100.284	-0.0128571	-25839.4	39866.3	-27.3421	183.249	0.00702443	0.000579396	8	0.00616435	0	0	24359.6
170	0	4.05109e-08	0	0	-218.945	-114.746	-0.461229	18976.4	-36079.4	98.2462	247.155	0.00148091	0.00304573	8	0.00616435	0	0	59021.2
196	0	2.48915e-08	0	0	73.5968	153.899	0.0372523	-44160.9	21275.8	224.629	170.201	0.00369339	0.00458705	8	0.00616435	0	0	79632
4	1	1.72409e-07	0	3.00951e-10	120.604	362.012	0.245385	-31130.9	10372.2	3.39988	381.565	3.43739e-05	0.000651378	16	0.0123287	0	0	17204.4
6	1	1.57462e-07	0	3.0035e-10	401.287	-80.3157	0.341715	6218.85	31068.8	-14.8313	409.251	2.24093e-05	0.000957248	16	0.0123287	0	0	19463
14	0	2.88963e-08	0	3.0035e-13	-114.779	303.936	0.152635	-33267.4	-12561.8	-75.0452	324.864	7.78754e-05	0.00216205	16	0.0123287	0	0	94516
24	0	1.33842e-08	0	0	251.149	-194.928	-1.20112	22042	28399.3	79.7625	317.937	4.76256e-05	0.00438137	16	0.0123287	0	0	203414
26	0	2.12765e-08	0	0	296.225	70.3119	0.705308	-8481.05	35746.1	30.4372	304.512	0.000206845	0.00246023	16	0.0123287	0	0	124320
33	0	1.2088e-08	0	3.0035e-13	8.14471	353.345	1.15608	-34084.1	785.542	-19.8259	353.41	8.48096e-05	0.00332224	16	0.0123287	0	0	234878
46	0	6.8874e-09	0	0	292.1	78.5096	1.22536	-9570.42	35598	163.025	302.581	0.000371895	0.00599777	16	0.0123287	0	0	384435
66	0	1.5526e-08	0	0	-263.253	122.136	0.660319	-15844.7	-34118.9	-160.835	290.093	0.000530386	0.0048439	16	0.0123287	0	0	167277
90	0	1.04219e-09	0	3.0035e-13	391.94	55.826	0.572828	-4544.5	31891.6	241.374	395.897	5.11885e-05	0.00763126	16	0.0123287	0	0	2.89526e+06
105	0	9.38372e-09	0	0	146.9	-238.5	2.01288	32545.5	20129.3	-28.4501	279.676	0.00244388	0.00722287	16	0.0123287	0	0	271525
144	0	8.26114e-09	0	0	-88.7921	-288.026	-2.08373	35280.5	-10865.1	-95.6666	301.334	0.000366846	0.00738378	16	0.0123287	0	0	319470
148	0	5.58872e-09	0	0	-203.329	169.672	0.529274	-25291.5	-30767	77.5707	270.908	0.0236391	0.00280098	16	0.0123287	0	0	448204
153	0	1.07283e-07	0	0	149.452	-213.462	0.0505139	32516.2	22806.5	9.33342	260.703	0.000964469	0.000304761	16	0.0123287	0	0	22749.9
154	0	1.07516e-09	0	3.0035e-13	-209.534	307.36	-0.725724	-27457.9	-18721.5	283.96	371.997	9.20704e-05	0.00876406	16	0.0123287	0	0	2.7364e+06
160	0	7.19551e-10	0	3.0035e-13	377.763	-133.162	-2.30726	10644.6	30206	-198.323	400.563	6.04116e-05	0.00845757	16	0.0123287	0	0	4.24038e+06
161	0	1.24546e-07	0	0	141.019	-240.363	0.0602759	33003.6	18872.3	-0.381339	273.319	0.0225416	0.000216651	16	0.0123287	0	0	20240.9
185	0	1.07471e-08	0	0	136.658	-277.338	-0.694524	32699.6	16117.5	-184.78	309.231	0.000196099	0.00554425	16	0.0123287	0	0	247030
3	1	4.55733e-08	0	3.0035e-09	-492.29	-162.627	-1.29618	8830.5	-26729.4	-129.256	518.458	5.98618e-06	0.00522815	32	0.0246574	0	0	76236.2
11	0	1.5073e-08	0	3.0035e-12	222.83	397.235	0.604474	-26194.8	14692.9	-25.2132	455.466	3.45409e-05	0.00157035	32	0.0246574	0	0	213761
17	0	5.40705e-10	0	3.0035e-13	304.266	286.546	0.429285	-21493.4	22826.8	282.024	417.998	0.000143042	0.00905315	32	0.0246574	0	0	5.74832e+06
28	0	5.03568e-10	0	3.0035e-12	27.1954	-433.275	-3.58356	30702.6	1927.28	-66.0961	434.148	1.67024e-05	0.00852947	32	0.0246574	0	0	6.27416e+06
38	0	4.238e-10	0	3.0035e-12	-498.688	24.6604	-1.79414	-1416.54	-28649.7	-150.75	499.284	3.44656e-05	0.00636637	32	0.0246574	0	0	7.96492e+06
43	0	9.67982e-10	0	3.0035e-12	365.811	-419.068	-1.71248	20474	17872.4	13.3093	556.286	2.82276e-05	0.00311721	32	0.0246574	0	0	3.70425e+06
48	0	1.53535e-09	0	3.0035e-12	448.072	-283.482	0.761486	14883.6	23523.6	57.1887	530.224	3.27551e-05	0.00250661	32	0.0246574	0	0	2.26459e+06
57	0	4.32307e-10	0	3.0035e-13	-139.682	-404.105	-1.57185	29296.3	-10128	275.854	427.575	2.1096e-05	0.00962853	32	0.0246574	0	0	7.27872e+06
62	0	1.39932e-10	6.007e-12	6.007e-12	-585.728	110	-1.4417	-4846.43	-25804.2	205.819	595.966	6.21218e-06	0.00820375	32	0.0246574	0	0	2.6538e+07
65	0	1.93312e-10	0	3.0035e-12	498.897	93.6072	1.61805	-5245.93	27961.2	271.479	507.623	5.46784e-05	0.0100606	32	0.0246574	0	0	1.76894e+07
74	0	1.09306e-08	0	3.0035e-12	-164.401	-435.134	0.495669	27801.8	-10503.8	39.2681	465.159	8.36608e-06	0.00169743	32	0.0246574	0	0	299361
88	0	2.8572e-10	0	3.0035e-12	-514.001	189.845	-0.226929	-9486.98	-25686.2	-168.318	547.939	4.38941e-06	0.00616085	32	0.0246574	0	0	1.2495e+07
96	0	2.5437e-10	6.007e-12	6.007e-12	540.724	-268.332	-1.57766	11596.7	23369.4	-114.695	603.646	2.41781e-06	0.00511455	32	0.0246574	0	0	1.47304e+07
100	0	1.30825e-10	1.2014e-11	6.007e-12	-619.67	204.564	-4.11175	-7866.01	-23826.6	71.7083	652.574	2.26124e-06	0.00691869	32	0.0246574	0	0	2.94694e+07
106	0	2.68214e-10	0	3.0035e-12	318.373	484.128	2.83805	-22248	14631.3	-68.8176	579.438	3.93207e-06	0.00553798	32	0.0246574	0	0	1.3668e+07
107	0	9.97497e-10	0	3.0035e-12	-293.387	457.638	1.77456	-23143.9	-14837.3	6.50296	543.607	4.50578e-06	0.00327296	32	0.0246574	0	0	3.55351e+06
117	0	1.57097e-10	6.007e-12	6.007e-12	460.531	-417.52	3.89693	17267.5	19046.3	61.5487	621.639	1.8515e-05	0.00671048	32	0.0246574	0	0	2.41006e+07
129	0	4.93668e-10	0	3.0035e-12	-415.249	-341.578	0.560285	17561	-21347.8	-133.529	537.705	3.89003e-05	0.00494158	32	0.0246574	0	0	7.08917e+06
143	0	1.83115e-10	6.007e-12	6.007e-12	-277.238	526.014	-1.23391	-23253.5	-12256.3	-170.538	594.602	2.38793e-06	0.00681159	32	0.0246574	0	0	2.01394e+07
145	0	2.24481e-08	0	3.0035e-12	-310.229	-337.686	0.487904	22042.6	-20250.3	-12.6868	458.547	2.20181e-05	0.00114531	32	0.0246574	0	0	144923
165	0	1.29672e-09	6.007e-12	6.007e-12	-447.236	440.552	0.950625	-17952.7	-18225.1	-29.5793	627.778	2.60701e-06	0.00190523	32	0.0246574	0	0	2.9298e+06
174	0	6.60767e-08	0	3.0035e-12	483.848	-64.806	-0.0502474	3851.52	28754	-15.1318	488.171	1.00621e-05	0.00053165	32	0.0246574	0	0	51063.4
179	0	1.86277e-09	0	3.0035e-12	-55.1705	-489.82	1.27063	28689.4	-3231.1	-48.9733	492.927	2.18888e-05	0.0030858	32	0.0246574	0	0	1.81685e+06
181	0	1.05154e-09	0	3.0035e-12	155.659	535.679	1.47102	-26060.7	7572.82	30.825	557.835	6.83367e-06	0.00287122	32	0.0246574	0	0	3.39101e+06
198	0	9.94895e-10	6.007e-12	6.007e-12	572.188	-169.763	0.486743	7462.98	25153.3	-61.4835	596.843	8.48516e-06	0.00248124	32	0.0246574	0	0	3.7217e+06
10	1	3.88289e-08	1.2014e-08	6.007e-09	-612.177	-315.42	2.69005	11187.4	-21712.6	34.6979	688.664	1.4208e-06	0.00415649	64	0.0493148	0	0	102423
18	0	1.22592e-10	1.2014e-11	6.007e-12	691.392	248.415	0.154048	-7996.15	22255	123.006	734.665	1.33294e-06	0.00520573	64	0.0493148	0	0	3.34819e+07
20	0	1.17814e-10	1.2014e-11	6.007e-12	-715.062	153.117	0.99126	-4962.77	-23177.3	126.675	731.272	2.06935e-06	0.00551353	64	0.0493148	0	0	3.47609e+07
22	0	6.50246e-11	1.2014e-11	6.007e-12	-686.222	440.122	-6.00987	-12119.1	-18896.6	-67.473	815.257	7.72088e-07	0.00796101	64	0.0493148	0	0	6.68188e+07
23	0	9.66701e-09	1.2014e-11	6.007e-12	-0.459362	-740.714	0.123222	23551.5	-14.5932	-11.0145	740.715	1.29758e-06	0.000496384	64	0.0493148	0	0	427500
44	0	3.81929e-10	1.2014e-11	6.007e-12	-806.85	-40.3907	1.32282	1127.55	-22523.3	16.6326	807.861	3.80009e-07	0.00179587	64	0.0493148	0	0	1.13215e+07
47	0	4.8223e-11	1.2014e-11	6.007e-12	802.857	-653.742	-2.53702	12577.6	15447	-132.08	1035.36	2.52585e-07	0.00706876	64	0.0493148	0	0	1.01716e+08
63	0	4.67828e-11	1.2014e-11	6.007e-12	-949.416	-110.268	-1.16966	2391.56	-20593.6	196.669	955.799	3.75769e-07	0.00956459	64	0.0493148	0	0	9.99806e+07
104	0	7.01917e-11	1.2014e-11	6.007e-12	761.563	261.932	2.97763	-7346.38	21358	145.601	805.355	1.74546e-06	0.00743143	64	0.0493148	0	0	6.1276e+07
108	0	7.33685e-11	1.2014e-11	6.007e-12	387.12	592.071	-1.78298	-20170.2	13187.3	-234.691	707.402	4.61597e-06	0.0100594	64	0.0493148	0	0	5.50261e+07
112	0	3.03502e-10	1.2014e-11	6.007e-12	-909.313	-282.405	-0.766566	6161.03	-19837.8	21.9571	952.157	4.01029e-07	0.00132871	64	0.0493148	0	0	1.53517e+07
121	0	1.17387e-10	1.2014e-11	6.007e-12	-767.94	146.358	2.97791	-4291.6	-22519.4	57.0332	781.768	1.30576e-06	0.00454967	64	0.0493148	0	0	3.62867e+07
136	0	1.71273e-10	2.4028e-11	1.2014e-11	731.116	-172.9	-2.41738	5382.29	22757	140.782	751.286	3.26849e-06	0.00682612	64	0.0493148	0	0	2.4276e+07
140	0	1.36513e-10	1.2014e-11	6.007e-12	-472.653	-467.036	-2.08136	17477.2	-17687.6	-134.678	664.485	2.48609e-05	0.00625665	64	0.0493148	0	0	2.85233e+07
142	0	4.70457e-11	1.2014e-11	6.007e-12	-799.699	644.927	7.20285	-12553.3	-15566.6	63.2453	1027.38	2.56502e-07	0.00769133	64	0.0493148	0	0	1.03475e+08
155	0	7.24355e-10	1.2014e-11	6.007e-12	594.055	382.813	1.26612	-13060.6	20267.6	8.55286	706.714	4.79083e-06	0.00182634	64	0.0493148	0	0	5.58447e+06
168	0	2.82262e-10	1.2014e-11	6.007e-12	705.882	-105.834	-0.534116	3557.44	23726.5	69.4757	713.77	1.97792e-06	0.00299093	64	0.0493148	0	0	1.43766e+07
180	0	4.99408e-11	1.2014e-11	6.007e-12	-959.359	256.412	-7.22224	-5251.93	-19650.5	-18.764	993.061	3.05328e-07	0.00733105	64	0.0493148	0	0	9.62438e+07
188	0	6.84383e-11	1.2014e-11	6.007e-12	758.41	-96.6348	1.79758	2930.42	22994.7	-197.656	764.544	8.4015e-07	0.00884478	64	0.0493148	0	0	6.14315e+07
191	0	3.49583e-10	1.2014e-11	6.007e-12	233.906	-657.863	-1.147	22856.2	8128.41	-43.8163	698.259	9.6294e-05	0.00244163	64	0.0493148	0	0	1.14503e+07
35	0	4.11522e-11	1.2014e-11	6.007e-12	-968.772	-576.85	3.19516	9765.51	-16401.2	-157.224	1127.51	3.05919e-07	0.00871034	128	0.0986296	0	0	1.23674e+08
51	0	4.25259e-11	1.2014e-11	6.007e-12	-887.755	1037.62	2.81517	-13179.7	-11276.4	71.2665	1365.57	6.67167e-08	0.00459685	128	0.0986296	0	0	1.32387e+08
68	0	3.47735e-11	1.2014e-11	6.007e-12	-1448.62	54.8012	3.19028	-636.723	-16822.1	-156.816	1449.66	6.90141e-08	0.00957149	128	0.0986296	0	0	1.66882e+08
69	0	3.49286e-11	1.2014e-11	6.007e-12	-1097.2	-1019.68	-11.0394	11274.7	-12131	-70.0333	1497.9	5.11619e-08	0.008497	128	0.0986296	0	0	1.68685e+08
76	0	4.01924e-11	1.2014e-11	6.007e-12	-624.941	-926.186	-4.35568	15894.8	-10725.8	170.264	1117.31	1.7094e-07	0.00969728	128	0.0986296	0	0	1.26012e+08
79	0	6.27282e-11	1.2014e-11	6.007e-12	1342.94	-459.93	-1.86439	5512.24	16095	21.8552	1419.51	8.403e-08	0.0018372	128	0.0986296	0	0	9.10801e+07
86	0	3.51581e-11	1.2014e-11	6.007e-12	375.327	-1605.29	4.06563	15371.7	3594.23	90.3368	1648.59	1.65605e-06	0.0062312	128	0.0986296	0	0	1.7623e+08
89	0	4.35317e-11	1.2014e-11	6.007e-12	431.33	-1435.6	4.45655	15855.3	4763.69	-24.9954	1499.01	7.62962e-07	0.00333441	128	0.0986296	0	0	1.35149e+08
91	0	3.75407e-11	1.2014e-11	6.007e-12	-549.432	-1172.53	-3.64554	16129.3	-7557.52	-143.606	1294.88	1.05583e-07	0.00853955	128	0.0986296	0	0	1.45245e+08
131	0	4.81209e-11	1.2014e-11	6.007e-12	-555.398	1130.07	1.98114	-16211.2	-7967.48	69.9391	1259.18	9.71517e-08	0.00417934	128	0.0986296	0	0	1.11822e+08
137	0	1.55612e-10	1.2014e-11	6.007e-12	225.747	1287.19	0.599577	-17464.5	3062.9	13.3017	1306.83	1.10289e-07	0.000879369	128	0.0986296	0	0	3.52041e+07
138	0	4.42174e-11	1.2014e-11	6.007e-12	811.022	-967.683	3.87546	13825.1	11587.2	73.3053	1262.61	1.49229e-07	0.00509269	128	0.0986296	0	0	1.22436e+08
152	0	3.5712e-11	1.2014e-11	6.007e-12	-1462.26	-176.221	9.08361	1997.81	-16581.7	-79.1707	1472.87	6.16853e-08	0.00777862	128	0.0986296	0	0	1.62954e+08
157	0	6.21978e-11	1.2014e-11	6.007e-12	-732.294	798.483	-0.843384	-14351.6	-13162.1	-75.1869	1083.43	4.40532e-08	0.0039387	128	0.0986296	0	0	7.98896e+07
197	0	1.38955e-08	1.2014e-11	6.007e-12	-715.995	-827.114	-0.0175503	14652.2	-12683.7	-2.84332	1093.97	1.73812e-07	0.000147593	128	0.0986296	0	0	363149
5	1	3.05998e-08	1.2014e-08	6.007e-09	-1164.89	1246.66	6.36924	-11338	-10594.6	53.8607	1706.21	7.99107e-08	0.00509731	256	0.197259	0	0	204979
15	0	3.13404e-11	1.2014e-11	6.007e-12	-865.241	-2100.23	16.7891	12434.4	-5123.35	-87.1131	2271.54	1.32738e-08	0.00982788	256	0.197259	0	0	2.30637e+08
30	0	3.20507e-11	1.2014e-11	6.007e-12	664.452	2480.74	11.6559	-12217.5	3272.38	3.35985	2568.21	2.57385e-08	0.00454633	256	0.197259	0	0	2.40831e+08
53	0	3.11365e-11	1.2014e-11	6.007e-12	-2293.1	1148.04	19.9183	-5666.12	-11318.2	39.5257	2564.51	2.48404e-08	0.00837125	256	0.197259	0	0	2.45769e+08
75	0	3.61992e-11	1.2014e-11	6.007e-12	631.183	1677.37	-1.04441	-14170.7	5332.3	-62.4889	1792.19	6.46835e-07	0.00416811	256	0.197259	0	0	1.78218e+08
80	0	5.79187e-11	1.2014e-11	6.007e-12	-1695.77	-909.198	-0.144647	6904.77	-12878.3	13.1968	1924.13	5.88402e-09	0.000906239	256	0.197259	0	0	1.1487e+08
83	0	4.45193e-11	1.2014e-11	6.007e-12	-1486.43	-826.832	-3.08892	7555.76	-13582.3	-4.52996	1701.05	8.29229e-05	0.00183928	256	0.197259	0	0	1.40081e+08
103	0	4.41102e-11	1.2014e-11	6.007e-12	-498.79	-1869.21	-0.536575	14080.2	-3757.23	22.9899	1934.62	6.21112e-08	0.00160177	256	0.197259	0	0	1.50928e+08
132	0	3.28303e-11	1.2014e-11	6.007e-12	-1460.54	-1036.65	-14.711	8766.48	-12350.4	-50.6578	1791.09	8.66197e-07	0.00886847	256	0.197259	0	0	1.96747e+08
134	0	3.29604e-11	1.2014e-11	6.007e-12	1722.64	809.914	-2.50211	-6250.61	13295	104.124	1903.54	1.43899e-08	0.00720832	256	0.197259	0	0	2.01544e+08
135	0	3.20363e-11	1.2014e-11	6.007e-12	1778.98	1280.08	12.5297	-7996.49	11113.6	-58.9072	2191.7	9.86133e-09	0.00715505	256	0.197259	0	0	2.2102e+08
171	0	3.57036e-11	1.2014e-11	6.007e-12	1031.14	-1974.34	4.20233	12038.4	6287.29	-21.9975	2227.4	1.66841e-08	0.00248653	256	0.197259	0	0	2.0107e+08
173	0	3.26499e-11	1.2014e-11	6.007e-12	-1950.12	-1219.93	-2.17657	7087.81	-11330.1	-62.6713	2300.26	1.55997e-06	0.00478388	256	0.197259	0	0	2.23489e+08
176	0	3.39132e-11	1.2014e-11	6.007e-12	253.058	-1717.62	8.88631	15219	2242.17	-76.5516	1736.25	4.03544e-05	0.0071386	256	0.197259	0	0	1.86979e+08
184	0	3.30981e-11	1.2014e-11	6.007e-12	2224.05	581.325	6.24652	-3380.9	12934.3	41.0054	2298.78	1.5317e-06	0.00409778	256	0.197259	0	0	2.20745e+08
13	0	3.09107e-11	1.2014e-11	6.007e-12	76.8375	-2895.18	0.660819	11906	316.002	88.5529	2896.2	7.95517e-09	0.00743843	512	0.394518	0	0	2.64956e+08
16	0	3.06988e-11	1.2014e-11	6.007e-12	-2439.21	2203.1	-12.8025	-7493.55	-8297.04	-64.5924	3286.88	1.47024e-09	0.00696778	512	0.394518	0	0	2.82739e+08
36	0	3.16202e-11	1.2014e-11	6.007e-12	1247.7	2651.9	6.07699	-10713.4	5040.67	-41.1607	2930.77	4.70433e-09	0.00404783	512	0.394518	0	0	2.58835e+08
45	0	3.04844e-11	1.2014e-11	6.007e-12	1623.08	-3357.98	26.6651	9449.53	4567.48	7.09155	3729.76	1.84863e-08	0.00718119	512	0.394518	0	0	3.05334e+08
54	0	3.09612e-11	1.2014e-11	6.007e-12	-308.949	3172.54	17.1653	-11299.6	-1100.39	1.88604	3187.59	3.17349e-09	0.00538763	512	0.394518	0	0	2.78166e+08
60	0	3.15262e-11	1.2014e-11	6.007e-12	1416.91	-2914.13	9.80175	10126.7	4923.75	-13.362	3240.36	5.67576e-09	0.00324934	512	0.394518	0	0	2.73655e+08
64	0	3.07205e-11	1.2014e-11	6.007e-12	-1512.83	-2565.48	-11.1722	10116.9	-5965.44	-93.3844	2978.33	6.24597e-09	0.00879148	512	0.394518	0	0	2.70144e+08
82	0	3.0647e-11	1.2014e-11	6.007e-12	-3572.04	-952.911	-11.4696	2717.35	-10185.6	-46.8574	3696.98	1.51607e-08	0.00542053	512	0.394518	0	0	3.02081e+08
84	0	3.08307e-11	1.2014e-11	6.007e-12	1130.11	2540.76	15.9588	-11105.5	4940.22	-87.013	2780.81	2.89151e-09	0.00917511	512	0.394518	0	0	2.59759e+08
85	0	3.08003e-11	1.2014e-11	6.007e-12	-2914.06	1555.79	0.242318	-5252.32	-9837.84	66.6485	3303.37	5.69816e-09	0.00597668	512	0.394518	0	0	2.82236e+08
139	0	3.09737e-11	1.2014e-11	6.007e-12	-358.937	-3014.48	18.4447	11551.8	-1375.43	8.87636	3035.83	8.75653e-09	0.00612344	512	0.394518	0	0	2.70049e+08
27	0	3.06962e-11	1.2014e-11	6.007e-12	-4171.21	844.598	-12.9095	-1949.94	-9629.93	15.9563	4255.88	5.53732e-08	0.00344071	1024	0.789037	0	0	3.21582e+08
56	0	3.04749e-11	1.2014e-11	6.007e-12	-4000.5	1693.85	-16.3911	-3791.58	-8955.17	-29.3312	4344.35	3.94059e-09	0.00483037	1024	0.789037	0	0	3.29297e+08
159	0	5.03059e-11	1.2014e-11	6.007e-12	3034.54	3001.22	-0.0545876	-6899.32	6975.92	-1.28564	4267.99	4.06781e-08	0.000131658	1024	0.789037	0	0	1.97376e+08
