#ID	Type	M	WM	SWM	x	y	z	xv	vy	vz	a	e	i	N	dt	init_time	formation_time	P
1	1	1.31475e-07	0	0	72.6824	4.34352	0.0883739	-6477.83	73306.7	290.46	69.9993	0.0492152	0.00416381	2	0.00154109	0	0	9652.21
94	0	1.06332e-07	0	0	62.5312	67.6893	0.286456	-45006.4	45537.2	184.882	85.2822	0.0924207	0.00414982	2	0.00154109	0	0	13193.5
151	0	7.84564e-08	0	0	-89.1945	-12.8205	-0.47235	10705.8	-61167.5	85.5517	78.0704	0.157165	0.00538154	2	0.00154109	0	0	17137.2
162	0	8.65648e-08	0	0	-70.1895	-16.339	-0.228875	10063.3	-75257.8	-442.494	72.8868	0.0963049	0.00639396	2	0.00154109	0	0	14992.4
189	0	5.54504e-08	0	0	-58.6916	-67.3333	0.075225	49730.5	-39625.7	-378.912	79.6862	0.128617	0.00598702	2	0.00154109	0	0	24365.8
190	0	4.22576e-08	0	0	-37.8105	-74.968	-0.0745377	66871.9	-28475.5	360.373	91.2263	0.102346	0.00499071	2	0.00154109	0	0	34464.7
61	0	6.53858e-08	0	0	46.2306	106.639	2.19572	-52366.8	20235.1	556.764	104.905	0.115261	0.0217016	2	0.00154109	0	0	23806.1
114	0	2.94687e-08	0	0	-79.8693	-78.8636	-1.36785	37650.4	-47184.1	-599.589	111.767	0.105575	0.0149705	2	0.00154109	0	0	54659.7
127	1	1.07442e-06	0	0	106.003	-31.7805	-0.467412	17220.9	54780.4	15.5044	99.5359	0.112593	0.00423624	2	0.00154109	0	132291	1425.48
123	0	3.91425e-08	0	0	85.9028	84.2359	-2.15005	-43114.6	42538.3	111.285	130.003	0.0762088	0.0179351	2	0.00154109	0	0	43984.5
58	0	4.08567e-08	0	0	112.57	12.4016	-1.13958	-8641.94	63585.6	318.585	130.957	0.137479	0.0111101	2	0.00154109	0	0	42496.8
42	0	2.62633e-08	0	0	-68.8255	102.026	-0.015239	-52594	-25205.5	-210.161	125.441	0.14723	0.00362633	2	0.00154109	0	0	64942.2
110	0	2.4769e-08	0	0	74.2885	70.0778	0.120453	-48398.9	45122.6	-522.65	112.033	0.109095	0.00792713	2	0.00154109	0	0	64718.5
55	0	3.48144e-07	0	0	91.9254	-71.4439	0.620445	34798.7	41742.3	29.323	100.1	0.166554	0.00534111	2	0.00154109	0	178926	4385.19
183	0	4.52017e-08	0	0	-132.203	-72.618	-0.0884935	28086.1	-41695.3	314.357	140.687	0.115437	0.006253	2	0.00154109	0	0	40022.7
98	0	8.15283e-09	0	0	-30.1661	-144.084	-0.857198	52298.1	-8892.64	390.21	148.455	0.0389007	0.00921306	2	0.00154109	0	0	226107
163	0	6.62181e-09	0	0	134.967	-58.2918	0.343507	19409.3	49316.5	52.5311	147.771	0.0331356	0.00256913	2	0.00154109	0	0	277740
195	0	4.75805e-08	0	0	-114.661	-49.5454	-2.52697	15671.6	-55780.3	3554.42	128.091	0.134305	0.0676173	2	0.00154109	0	0	36009.4
201	1	1.33575e-07	0	0	-152.487	-42.8809	-0.516468	14408.4	-48708.4	-76.1717	157.575	0.0144595	0.00360745	2	0.00154109	34298.6	0	14246.5
102	0	2.59764e-07	0	0	80.2676	158.433	-0.0296672	-46120	16986.1	-69.8628	185.823	0.123846	0.00146015	2	0.00154109	0	0	7982.15
119	0	8.42556e-08	0	0	186.228	-19.4296	0.43935	2768.23	47095.9	305.385	189.967	0.0474336	0.00699144	2	0.00154109	0	0	24915.4
93	0	1.30325e-07	0	0	-181.155	-22.7284	0.69099	5565.38	-47816.9	186.832	188.192	0.0311545	0.00539679	2	0.00154109	0	0	16044.7
92	0	1.47804e-08	0	0	-204.022	-7.9976	-1.00068	2424.35	-44369.5	-181.464	200.432	0.0242185	0.00642823	2	0.00154109	0	0	144728
167	0	1.579e-07	0	0	-59.3334	-163.389	0.305314	45110.6	-20277.1	-212.605	180.125	0.0818228	0.00477557	2	0.00154109	0	0	12884.6
118	0	2.48867e-08	0	0	-167.62	-90.5805	-0.578157	23682.9	-41443.8	164.011	201.967	0.0613865	0.00453109	2	0.00154109	0	0	86638.3
70	0	8.39571e-09	0	0	73.232	-206.925	0.503124	39598.2	14892.6	-431.317	210.315	0.0478718	0.0104074	2	0.00154109	0	0	262656
99	0	5.96555e-08	0	0	-206.753	5.88156	-0.846056	-2159.58	-45073.4	88.7681	212.171	0.0317623	0.00457405	2	0.00154109	0	0	37189.6
9	1	1.77555e-07	0	0	143.224	-179.51	-0.689965	32516.2	25195.9	-135.588	217.845	0.0560014	0.00442873	2	0.00154109	0	0	12566.1
25	0	2.27152e-09	0	0	-74.0311	200.676	0.345523	-42527.9	-14062.7	-176.988	223.874	0.0560681	0.00432183	2	0.00154109	0	0	995114
7	1	2.33075e-07	0	0	149.435	-155.701	0.716068	31345.7	30405.2	-42.4772	216.18	0.00557572	0.00345277	2	0.00154109	0	0	9612.48
29	0	9.71847e-08	0	0	-113.731	185.343	0.509941	-38595.5	-21762.3	-90.6684	226.3	0.0537625	0.00317095	2	0.00154109	0	0	23586.7
19	0	6.6366e-08	0	0	-139.965	-81.49	0.73372	26024.9	-45603.1	-178.374	177.359	0.0872403	0.00568615	2	0.00154109	0	0	30523.8
21	0	3.59738e-08	0	0	154.497	70.1974	-0.798491	-19853.3	45549.3	31.3892	173.118	0.0250641	0.00475779	2	0.00154109	0	0	55778.4
196	0	2.71582e-08	0	0	-172.86	-11.6244	-1.19945	3841.76	-48115.8	27.9025	170.276	0.0215212	0.00694048	2	0.00154109	0	0	72923.6
50	0	1.88705e-08	0	0	-189.087	126.75	-2.56234	-23337.5	-35443.8	47.2199	227.17	0.00852837	0.0113018	2	0.00154109	0	0	121856
41	0	4.26019e-08	0	0	125.557	-103.453	-0.967148	32771.6	38813.3	53.8724	166.316	0.0248952	0.0060516	2	0.00154109	0	0	46007.4
71	0	2.19746e-08	0	0	-35.6233	-234.456	0.297483	41254.3	-5715.81	524.888	237.473	0.0131673	0.0126819	2	0.00154109	0	0	106229
170	0	5.36026e-08	0	0	-225.27	-103.06	-0.313363	17097.9	-36888.5	119.267	246.923	0.00592949	0.00318879	8	0.00616435	0	0	44695.4
4	1	1.80996e-07	0	3.00951e-10	84.5559	371.3	0.251455	-32025.6	7292.36	-0.853361	380.776	8.41883e-05	0.000660831	16	0.0123287	0	0	16456.8
6	1	1.73864e-07	0	3.0035e-10	-207.977	-351.689	0.118631	27294.6	-16136.9	27.4013	408.516	0.000199757	0.00091168	16	0.0123287	0	0	17691.9
14	0	4.51331e-08	0	3.0035e-13	5.49731	324.572	0.255899	-35574.8	607.575	-53.1038	324.692	0.000264816	0.00168801	16	0.0123287	0	0	60586.9
24	0	2.75629e-08	0	0	-44.6049	-314.826	-1.40902	35583.2	-5040.89	-44.4223	317.844	0.00040869	0.00460044	16	0.0123287	0	0	97716.8
26	0	4.02047e-08	0	0	306.399	14.8322	0.303859	-1430.7	36471.2	62.1108	305.13	0.010603	0.00196122	16	0.0123287	0	0	66296.2
33	0	2.06385e-08	0	3.0035e-13	-213.522	-281.537	-1.09984	27170	-20603	-40.1546	353.334	8.20541e-05	0.003328	16	0.0123287	0	0	137642
46	0	1.49037e-08	0	0	-83.9476	291.891	0.28929	-35297.3	-10216.5	-44.2297	303.173	0.00248688	0.00153366	16	0.0123287	0	0	176984
66	0	2.28269e-08	0	0	-64.3908	281.536	1.19991	-36838.2	-8443.52	-85.3744	289.984	0.00408378	0.00472816	16	0.0123287	0	0	113871
90	0	2.12141e-09	0	3.0035e-13	297.454	-261.26	-0.724213	21257.2	24203.8	242.775	395.891	5.15868e-05	0.00775512	16	0.0123287	0	0	1.42243e+06
105	0	2.14744e-08	0	0	13.1337	279.693	-0.597851	-38122.6	787.953	224.173	277.483	0.0277897	0.00620392	16	0.0123287	0	0	117804
144	0	1.34998e-08	0	0	280.25	-106.346	1.19326	13755.9	34505.6	241.875	301.792	0.0180075	0.00757596	16	0.0123287	0	0	194920
148	0	5.89715e-09	0	0	232.46	159.171	2.09536	-21026.3	30981.3	31.0802	271.262	0.0388483	0.0074801	16	0.0123287	0	0	423658
153	0	1.07283e-07	0	0	233.911	99.0176	0.00915498	-15422.5	37675.1	-6.19232	260.407	0.0273093	0.00015675	16	0.0123287	0	0	22801.6
154	0	2.19943e-09	0	3.0035e-13	222.408	298.201	-2.68824	-26639.9	19865.2	177.086	371.999	0.000136676	0.00897805	16	0.0123287	0	0	1.33768e+06
160	0	1.48092e-09	0	3.0035e-13	-400.23	18.3542	3.25793	-1465.9	-31984.7	-39.7877	400.561	0.00025844	0.00822578	16	0.0123287	0	0	2.06038e+06
161	0	1.25361e-07	0	0	208.91	192.053	0.0160844	-25117.3	27522.5	-41.4811	272.581	0.0412253	0.00111492	16	0.0123287	0	0	19986.8
185	0	1.92871e-08	0	0	288.263	113.856	-1.2165	-13409.9	33801.6	206.751	309.19	0.00286028	0.00690379	16	0.0123287	0	0	137700
3	1	5.24991e-08	0	3.0035e-09	-463.291	-232.301	-1.72773	12620.2	-25168.2	-113.333	518.26	2.18187e-05	0.00522648	32	0.0246574	0	0	66233
11	0	2.8177e-08	0	3.0035e-12	-126.818	-438.368	0.338207	28816	-8347.59	40.0746	456.205	0.000470684	0.00152738	32	0.0246574	0	0	115315
17	0	1.04661e-09	0	3.0035e-13	44.9479	415.561	3.74573	-31169.6	3372.93	69.79	418.011	7.29808e-05	0.00923338	32	0.0246574	0	0	2.96959e+06
28	0	9.68926e-10	0	3.0035e-12	407.633	149.361	0.601821	-10583.2	28884.5	260.747	434.141	2.66096e-05	0.00858857	32	0.0246574	0	0	3.26094e+06
38	0	8.07839e-10	0	3.0035e-12	286.502	408.833	3.02209	-23491.9	16465	-49.2358	499.236	5.61224e-05	0.00629217	32	0.0246574	0	0	4.17932e+06
43	0	1.89888e-09	0	3.0035e-12	-556.164	-18.3753	0.856301	905.242	-27155.9	-80.1289	556.424	0.000310163	0.00332599	32	0.0246574	0	0	1.88741e+06
48	0	3.75526e-09	0	3.0035e-12	485.972	212.098	1.11132	-11132.9	25512	-1.60489	530.214	7.45143e-05	0.00209667	32	0.0246574	0	0	925964
57	0	8.17874e-10	0	3.0035e-13	-304.077	-300.593	-2.62792	21790.9	-22044.7	230.516	427.574	2.51672e-05	0.00964763	32	0.0246574	0	0	3.84742e+06
62	0	2.18245e-10	6.007e-12	6.007e-12	212.533	-556.757	4.65795	24530	9363.73	-64.8868	595.967	1.55606e-05	0.0081973	32	0.0246574	0	0	1.70153e+07
65	0	3.23862e-10	0	3.0035e-12	-482.195	-158.72	-2.84862	8896.32	-27020	-237.416	507.627	6.10605e-05	0.010057	32	0.0246574	0	0	1.05586e+07
74	0	2.00367e-08	0	3.0035e-12	-283.916	-368.41	0.557856	23540.8	-18141.2	38.3862	465.086	7.06212e-05	0.00176261	32	0.0246574	0	0	163379
88	0	5.15381e-10	0	3.0035e-12	-545.03	-56.3913	-1.78019	2818.55	-27236.8	-140.473	547.937	9.21758e-06	0.00607228	32	0.0246574	0	0	6.92713e+06
96	0	4.48232e-10	6.007e-12	6.007e-12	-600.749	59.0556	2.44571	-2551.97	-25963.3	80.6412	603.645	7.76931e-06	0.00509607	32	0.0246574	0	0	8.35953e+06
100	0	2.02726e-10	1.2014e-11	6.007e-12	167.863	630.61	-2.18056	-24246.9	6453.97	-152.967	652.573	5.71152e-06	0.00695205	32	0.0246574	0	0	1.90176e+07
106	0	4.76662e-10	0	3.0035e-12	499.272	-294.051	1.67623	13512.9	22944.6	125.349	579.437	8.44963e-06	0.00552524	32	0.0246574	0	0	7.69097e+06
107	0	2.01864e-09	0	3.0035e-12	-351.987	414.259	1.82935	-20950.4	-17800.7	-7.64887	543.602	1.4837e-05	0.00337669	32	0.0246574	0	0	1.75602e+06
117	0	2.53571e-10	6.007e-12	6.007e-12	620.553	36.502	3.74283	-1508.69	25664	-75.5335	621.638	1.78683e-05	0.00669964	32	0.0246574	0	0	1.49314e+07
129	0	9.28268e-10	0	3.0035e-12	526.424	-109.498	-2.39283	5630.44	27062.9	70.7118	537.702	3.42004e-05	0.00513309	32	0.0246574	0	0	3.77023e+06
143	0	3.0329e-10	6.007e-12	6.007e-12	577.678	-140.791	3.80546	6223.86	25539	66.0617	594.602	4.33155e-06	0.00687584	32	0.0246574	0	0	1.21595e+07
145	0	3.72673e-08	0	3.0035e-12	-400.38	224.702	0.444375	-14648.9	-26086.6	-17.5698	459.247	0.00036429	0.00113223	32	0.0246574	0	0	87040.5
165	0	2.7456e-09	6.007e-12	6.007e-12	-618.086	-109.863	-0.0615292	4477.08	-25187.5	-48.6165	627.77	6.18865e-06	0.00190291	32	0.0246574	0	0	1.3838e+06
174	0	1.11086e-07	0	3.0035e-12	-74.122	-482.135	0.275613	28684.7	-4409.11	-4.69634	487.793	2.96381e-05	0.000587725	32	0.0246574	0	0	30080.9
179	0	4.08773e-09	0	3.0035e-12	491.592	37.2192	-1.38822	-2168.32	28785	5.21833	492.944	0.000397925	0.00282172	32	0.0246574	0	0	827914
181	0	2.23073e-09	0	3.0035e-12	-134.132	-541.446	-1.41082	26347.5	-6523.34	-26.3241	557.969	0.000306122	0.00270888	32	0.0246574	0	0	1.61628e+06
198	0	2.06853e-09	6.007e-12	6.007e-12	-494.952	333.535	-0.869612	-14662	-21757.5	52.0338	596.837	1.42894e-05	0.00246093	32	0.0246574	0	0	1.7901e+06
202	1	4.10568e-08	1.2014e-08	6.007e-09	422.727	726.287	0.345625	-19110	11122.8	-3.47595	840.353	8.10248e-07	0.000440306	64	0.0493148	259850	0	106776
10	1	4.27035e-08	1.2014e-08	6.007e-09	414.307	549.893	-2.846	-19510.2	14699.8	11.1174	688.506	2.07212e-06	0.00415857	64	0.0493148	0	0	93175.4
18	0	1.8876e-10	1.2014e-11	6.007e-12	-624.784	386.514	2.5525	-12441.4	-20110.3	-89.2996	734.667	1.72265e-05	0.00513137	64	0.0493148	0	0	2.17451e+07
20	0	1.7857e-10	1.2014e-11	6.007e-12	517.6	-516.57	1.08799	16743.7	16777.1	-126.482	731.273	7.57444e-06	0.00553963	64	0.0493148	0	0	2.2934e+07
22	0	8.48445e-11	1.2014e-11	6.007e-12	38.1722	-814.361	1.58017	22423.7	1051.46	173.311	815.257	1.84454e-06	0.0079599	64	0.0493148	0	0	5.12098e+07
23	0	1.99617e-08	1.2014e-11	6.007e-12	-693.225	260.809	0.275206	-8293.43	-22043.8	7.73541	740.66	4.68091e-06	0.000495916	64	0.0493148	0	0	207082
44	0	7.14119e-10	1.2014e-11	6.007e-12	324.283	-739.916	0.0677602	20654.9	9052.49	-40.525	807.859	3.60713e-06	0.00179895	64	0.0493148	0	0	6.05514e+06
47	0	5.73795e-11	1.2014e-11	6.007e-12	-1010.39	-225.897	6.97079	4346.66	-19440.4	42.9936	1035.36	5.75211e-07	0.00707027	64	0.0493148	0	0	8.54847e+07
63	0	5.51116e-11	1.2014e-11	6.007e-12	434.16	851.474	-6.92494	-18470.5	9416.93	-129.405	955.799	9.08368e-07	0.00956305	64	0.0493148	0	0	8.4871e+07
104	0	9.36281e-11	1.2014e-11	6.007e-12	-259.38	762.427	5.15139	-21383	-7273.96	-85.1538	805.355	3.19151e-06	0.00742489	64	0.0493148	0	0	4.59378e+07
112	0	5.48968e-10	1.2014e-11	6.007e-12	930.4	-202.37	1.16462	4414.99	20298	-10.8971	952.156	9.65628e-07	0.00133089	64	0.0493148	0	0	8.48741e+06
121	0	1.78146e-10	1.2014e-11	6.007e-12	-780.789	-38.9659	3.36024	1142.81	-22896.2	34.0868	781.767	1.15018e-06	0.00454819	64	0.0493148	0	0	2.39106e+07
136	0	2.2709e-10	2.4028e-11	1.2014e-11	594.554	459.271	2.18829	-14295.8	18506.2	143.55	751.286	1.23968e-06	0.00679454	64	0.0493148	0	0	1.83093e+07
140	0	2.15321e-10	1.2014e-11	6.007e-12	11.715	-664.372	-4.02746	24861.8	438.061	-31.1354	664.484	2.13346e-05	0.006189	64	0.0493148	0	0	1.80837e+07
142	0	5.55264e-11	1.2014e-11	6.007e-12	638.073	-805.184	-6.32296	15672.6	12420.5	-92.2079	1027.38	6.84233e-07	0.00769022	64	0.0493148	0	0	8.76714e+07
155	0	1.55373e-09	2.4028e-11	1.2014e-11	473.622	-524.548	0.636475	17895.3	16159.2	40.1048	706.757	5.26347e-05	0.0018915	64	0.0493148	0	0	2.60323e+06
168	0	5.11776e-10	1.2014e-11	6.007e-12	336.387	629.53	1.79804	-21160.4	11306.9	36.3608	713.769	1.831e-06	0.00293984	64	0.0493148	0	0	7.92927e+06
180	0	6.01089e-11	1.2014e-11	6.007e-12	-501.758	856.965	-4.50237	-17552.3	-10277.6	-117.183	993.061	7.88234e-07	0.00733127	64	0.0493148	0	0	7.99632e+07
188	0	9.05861e-11	1.2014e-11	6.007e-12	-617.905	-450.233	3.25063	13651.8	-18734.5	180.068	764.543	1.64504e-06	0.00885535	64	0.0493148	0	0	4.6412e+07
191	0	7.55275e-10	1.2014e-11	6.007e-12	-283.747	-638.056	-0.0542055	22163.4	-9854.28	-47.2808	698.263	9.17188e-05	0.00195084	64	0.0493148	0	0	5.29984e+06
35	0	4.63888e-11	1.2014e-11	6.007e-12	-942.576	618.662	9.73876	-10474.6	-15958.5	-21.3689	1127.51	4.93294e-07	0.00870973	128	0.0986296	0	0	1.09713e+08
51	0	4.84925e-11	1.2014e-11	6.007e-12	1178.31	-690.164	-4.49728	8766.36	14967.1	-55.634	1365.57	2.22179e-07	0.00459714	128	0.0986296	0	0	1.16098e+08
68	0	3.68461e-11	1.2014e-11	6.007e-12	-1398.21	-382.78	-1.0189	4445.13	-16236.7	-160.676	1449.66	1.444e-07	0.00957023	128	0.0986296	0	0	1.57495e+08
69	0	3.70734e-11	1.2014e-11	6.007e-12	331.145	-1460.8	-11.0128	16151.8	3660.87	70.4862	1497.9	3.42885e-07	0.00849523	128	0.0986296	0	0	1.58926e+08
76	0	4.49287e-11	1.2014e-11	6.007e-12	-610.433	935.806	-7.5564	-16059.6	-10477.6	-133.225	1117.32	3.2503e-05	0.00969598	128	0.0986296	0	0	1.12727e+08
79	0	8.1017e-11	1.2014e-11	6.007e-12	-1165.95	809.682	2.29094	-9703.98	-13973.7	-14.9071	1419.51	1.03566e-07	0.00183642	128	0.0986296	0	0	7.05197e+07
86	0	3.74086e-11	1.2014e-11	6.007e-12	-1156.02	-1175.34	-5.73679	11254.6	-11070	81.6444	1648.59	1.7481e-06	0.00623351	128	0.0986296	0	0	1.65628e+08
89	0	5.00384e-11	1.2014e-11	6.007e-12	1066.76	-1053.11	2.824	11630.9	11781.6	-45.5844	1499.01	9.50523e-07	0.00333625	128	0.0986296	0	0	1.17575e+08
91	0	4.09375e-11	1.2014e-11	6.007e-12	542.344	1175.83	3.71769	-16174.6	7460.02	143.249	1294.88	2.20612e-07	0.00853923	128	0.0986296	0	0	1.33194e+08
131	0	5.72203e-11	1.2014e-11	6.007e-12	-682.128	1058.41	2.53561	-15183.1	-9785.49	66.1552	1259.18	2.93588e-07	0.00417949	128	0.0986296	0	0	9.40398e+07
137	0	2.50804e-10	1.2014e-11	6.007e-12	-383.284	-1249.36	-0.472897	16951.3	-5200.37	-14.2056	1306.83	2.3858e-07	0.000879106	128	0.0986296	0	0	2.18426e+07
138	0	5.1106e-11	1.2014e-11	6.007e-12	-121.831	1256.72	-0.303431	-17954.5	-1740.6	-91.7607	1262.61	2.43246e-07	0.00509252	128	0.0986296	0	0	1.05933e+08
152	0	3.82247e-11	1.2014e-11	6.007e-12	-1326.72	639.545	11.4133	-7252.5	-15044.9	-11.2332	1472.87	1.34323e-07	0.00777829	128	0.0986296	0	0	1.52242e+08
157	0	8.01404e-11	1.2014e-11	6.007e-12	-1036.84	-314.035	-4.17252	5645.05	-18637.9	-15.4376	1083.36	9.4684e-07	0.00393219	128	0.0986296	0	0	6.20111e+07
197	0	2.87702e-08	1.2014e-11	6.007e-12	-870.231	-662.803	0.0155714	11742.6	-15417.5	-2.85547	1093.9	4.84729e-07	0.000148026	128	0.0986296	0	0	175439
5	1	3.08325e-08	1.2014e-08	6.007e-09	538.76	-1618.82	-3.32123	14723.9	4900.43	-73.0985	1706.12	2.33557e-07	0.00509693	256	0.197259	0	0	203455
15	0	3.18848e-11	1.2014e-11	6.007e-12	2267.3	137.26	-20.5641	-813.147	13424.1	-51.4451	2271.54	1.93888e-08	0.00982807	256	0.197259	0	0	2.267e+08
30	0	3.29001e-11	1.2014e-11	6.007e-12	-1920.55	1705.04	5.82816	-8397.21	-9458.4	-49.8194	2568.21	2.20992e-08	0.00454584	256	0.197259	0	0	2.34613e+08
53	0	3.15944e-11	1.2014e-11	6.007e-12	-723.122	2460.43	7.71976	-12143.3	-3569.22	98.8718	2564.51	5.72196e-09	0.00837147	256	0.197259	0	0	2.42207e+08
75	0	3.89409e-11	1.2014e-11	6.007e-12	-1771.89	268.881	-7.01263	-2271.68	-14969.5	21.8858	1792.19	5.37841e-07	0.00417134	256	0.197259	0	0	1.6567e+08
80	0	7.3009e-11	1.2014e-11	6.007e-12	-694.275	1794.51	-1.70927	-13628.2	-5272.58	-2.69086	1924.13	3.89364e-08	0.000907219	256	0.197259	0	0	9.11273e+07
83	0	5.40587e-11	1.2014e-11	6.007e-12	-781.142	1511.07	-0.520887	-13804.9	-7138.85	-23.6845	1701.09	0.000142668	0.00155445	256	0.197259	0	0	1.15356e+08
103	0	5.09392e-11	1.2014e-11	6.007e-12	1830.82	-625.175	3.00966	4709.25	13791	5.5682	1934.62	9.77488e-08	0.00160192	256	0.197259	0	0	1.30695e+08
132	0	3.40227e-11	1.2014e-11	6.007e-12	176.022	1782.37	14.1407	-15072	1488.95	-60.9005	1791.09	5.0297e-07	0.00886013	256	0.197259	0	0	1.89851e+08
134	0	3.42094e-11	1.2014e-11	6.007e-12	-169.786	-1895.92	-10.3874	14632.7	-1310.03	-69.1598	1903.53	7.29577e-08	0.00720688	256	0.197259	0	0	1.94186e+08
135	0	3.28794e-11	1.2014e-11	6.007e-12	874.746	-2009.55	6.56801	12553.4	5464.72	88.9567	2191.7	2.95008e-08	0.00715506	256	0.197259	0	0	2.15353e+08
171	0	3.82119e-11	1.2014e-11	6.007e-12	-537.597	2161.54	-4.93349	-13179.9	-3277.93	15.3547	2227.4	1.11428e-08	0.00248677	256	0.197259	0	0	1.87872e+08
173	0	3.37607e-11	1.2014e-11	6.007e-12	291.797	-2281.65	-10.7105	13256.6	1695.43	-14.7299	2300.26	2.3104e-06	0.00478493	256	0.197259	0	0	2.16135e+08
176	0	3.55682e-11	1.2014e-11	6.007e-12	1382.8	1049.88	-11.9982	-9301.72	12252.1	-31.3668	1736.24	4.28294e-05	0.00720502	256	0.197259	0	0	1.7828e+08
184	0	3.44087e-11	1.2014e-11	6.007e-12	1436.39	1794.74	9.21775	-10437.7	8353.57	11.1686	2298.78	2.28238e-06	0.00409596	256	0.197259	0	0	2.12337e+08
13	0	3.12736e-11	1.2014e-11	6.007e-12	2891.46	164.148	21.503	-675.03	11891.3	-5.39149	2896.2	4.43211e-09	0.0074384	512	0.394518	0	0	2.61882e+08
16	0	3.0973e-11	1.2014e-11	6.007e-12	3268.79	-343.691	21.5316	1168.91	11119	26.5463	3286.88	1.01779e-08	0.00696786	512	0.394518	0	0	2.80237e+08
36	0	3.2284e-11	1.2014e-11	6.007e-12	2341.22	-1762.95	8.73306	7122.11	9458.39	32.4369	2930.77	1.73526e-08	0.00404779	512	0.394518	0	0	2.53514e+08
45	0	3.06694e-11	1.2014e-11	6.007e-12	1586.79	3375.35	-14.8326	-9498.21	4464.93	-62.7567	3729.76	2.0218e-08	0.00718116	512	0.394518	0	0	3.03492e+08
54	0	3.13452e-11	1.2014e-11	6.007e-12	2930.82	-1253.37	-8.71144	4464.15	10438.4	52.712	3187.59	1.01058e-08	0.00538761	512	0.394518	0	0	2.74758e+08
60	0	3.21498e-11	1.2014e-11	6.007e-12	-2579.52	-1961.12	5.69386	6814.91	-8963.76	30.7766	3240.36	4.43737e-09	0.00324933	512	0.394518	0	0	2.68347e+08
64	0	3.10037e-11	1.2014e-11	6.007e-12	-39.008	2978	21.8436	-11744	-154.249	56.9341	2978.33	9.51942e-09	0.00879148	512	0.394518	0	0	2.67677e+08
82	0	3.08996e-11	1.2014e-11	6.007e-12	-3263.53	1736.96	2.80457	-4952.92	-9305.8	-56.5807	3696.98	1.80985e-08	0.00542057	512	0.394518	0	0	2.99612e+08
84	0	3.116e-11	1.2014e-11	6.007e-12	2777.85	125.726	24.9428	-549.788	12142.6	23.4616	2780.81	1.40145e-08	0.00917509	512	0.394518	0	0	2.57014e+08
85	0	3.11168e-11	1.2014e-11	6.007e-12	311.648	3288.58	-18.1205	-11102.5	1052.3	26.4596	3303.37	4.38651e-09	0.00597661	512	0.394518	0	0	2.79365e+08
139	0	3.1363e-11	1.2014e-11	6.007e-12	-2376.89	-1888.53	11.4713	7237.01	-9108.11	56.0559	3035.83	5.16197e-09	0.00612348	512	0.394518	0	0	2.66696e+08
27	0	3.09693e-11	1.2014e-11	6.007e-12	4033.86	1356.64	7.71469	-3131.95	9312.79	-28.7339	4255.88	1.81091e-08	0.0034407	1024	0.789037	0	0	3.18747e+08
56	0	3.0656e-11	1.2014e-11	6.007e-12	2729.53	-3379.8	8.27838	7565.54	6110.05	43.1646	4344.35	5.99067e-09	0.00483038	1024	0.789037	0	0	3.27352e+08
159	0	6.07035e-11	1.2014e-11	6.007e-12	3548.49	2371.5	0.0535416	-5451.7	8157.39	-1.28524	4267.99	9.32706e-09	0.000131593	1024	0.789037	0	0	1.63569e+08
