#ID	Type	M	WM	SWM	x	y	z	xv	vy	vz	a	e	i	N	dt	init_time	formation_time	P
1	1	3.0035e-08	0	0	-53.0811	47.9933	0.680124	-50816.1	-56203.1	0	71.5641	1.87e-16	0.00950385	2	0.00154109	0	0	42774.5
2	1	3.0035e-08	0	0	21.8687	-97.3639	-0.522258	62605.3	14061.6	0	99.791	3.63622e-17	0.00523355	2	0.00154109	0	0	50434.9
8	1	3.0035e-08	0	0	-45.5575	51.4518	0.339508	-57888.7	-51257.1	0	68.7233	1.82007e-16	0.00494024	2	0.00154109	0	0	41814.5
34	0	3.0035e-11	0	0	10.9855	-96.551	-0.0746981	64606.4	7350.85	0	97.174	1.1278e-16	0.000768705	2	0.00154109	0	0	4.9605e+07
40	0	3.0035e-11	0	0	10.0809	77.1216	-0.0725731	-72067.2	9420.19	0	77.7777	1.80537e-16	0.000933084	2	0.00154109	0	0	4.45323e+07
72	0	3.0035e-11	0	0	52.4471	-46.0192	0.642958	50609.2	57678.2	0	69.7774	1.8384e-16	0.00921456	2	0.00154109	0	0	4.24464e+07
77	0	3.0035e-11	0	0	80.3755	5.58795	0.155375	-4952.68	71237.9	0	80.5697	3.74036e-16	0.00192846	2	0.00154109	0	0	4.55074e+07
81	0	3.0035e-11	0	0	-9.14882	-89.3388	0.881441	67284.6	-6890.34	0	89.8103	2.09347e-16	0.00981463	2	0.00154109	0	0	4.77406e+07
94	0	3.0035e-11	0	0	-72.1775	58.0329	0.0958624	-41735	-51907.3	0	92.6144	0	0.00103507	2	0.00154109	0	0	4.86652e+07
95	0	3.0035e-11	0	0	-67.0071	-12.1431	-0.0845351	13850.6	-76429	0	68.0986	2.5342e-16	0.00124136	2	0.00154109	0	0	4.15876e+07
111	0	3.0035e-11	0	0	-58.0504	-51.5337	0.346908	48298.6	-54406.2	0	77.6253	1.64913e-16	0.00446902	2	0.00154109	0	0	4.47073e+07
113	0	3.0035e-11	0	0	-27.0504	94.729	0.960704	-62095.4	-17731.7	0	98.5202	3.6596e-17	0.00975149	2	0.00154109	0	0	4.99562e+07
120	0	3.0035e-11	0	0	80.712	-56.6746	-0.686723	37090.4	52821.6	0	98.6251	1.35843e-16	0.00696302	2	0.00154109	0	0	5.04279e+07
122	0	3.0035e-11	0	0	93.2888	16.6023	0.576235	-11537.4	64828.9	0	94.7564	2.23091e-16	0.00608127	2	0.00154109	0	0	4.92474e+07
130	0	3.0035e-11	0	0	65.4786	62.1907	-0.395772	-46450.9	48906.7	0	90.3066	2.0962e-16	0.00438255	2	0.00154109	0	0	4.77646e+07
147	0	3.0035e-11	0	0	88.0083	16.5734	-0.864174	-12534.5	66561.2	0	89.5594	0	0.00964932	2	0.00154109	0	0	4.80085e+07
151	0	3.0035e-11	0	0	-79.4745	-32.3454	0.800385	26084.4	-64091	0	85.8083	2.79488e-16	0.00932774	2	0.00154109	0	0	4.6605e+07
156	0	3.0035e-11	0	0	-69.3971	-7.66934	-0.426393	8426.2	-76245.7	0	69.8209	2.54035e-16	0.00610699	2	0.00154109	0	0	4.23935e+07
162	0	3.0035e-11	0	0	14.6927	-73.7837	0.628355	72475.3	14432.1	0	75.2349	1.79586e-16	0.008352	2	0.00154109	0	0	4.39047e+07
166	0	3.0035e-11	0	0	-85.13	30.0942	0.86644	-22482.1	-63597.1	0	90.2969	3.82261e-17	0.0095956	2	0.00154109	0	0	4.77749e+07
172	0	3.0035e-11	0	0	-39.5949	64.7276	0.262599	-62771.3	-38398.2	0	75.8781	1.94876e-16	0.00346081	2	0.00154109	0	0	4.417e+07
175	0	3.0035e-11	0	0	24.2798	-91.0117	-0.589332	63811.3	17023.3	0	94.1966	2.21829e-16	0.00625644	2	0.00154109	0	0	4.92635e+07
189	0	3.0035e-11	0	0	42.5182	-70.3617	-0.298286	60504.5	36561.7	0	82.2111	8.01237e-17	0.0036283	2	0.00154109	0	0	4.57704e+07
190	0	3.0035e-11	0	0	57.2796	77.3673	0.212865	-52506	38873.3	0	96.2637	1.34033e-16	0.00221128	2	0.00154109	0	0	4.93959e+07
192	0	3.0035e-11	0	0	-34.7254	-81.0036	0.784503	62752.5	-26901.4	0	88.1365	2.04582e-16	0.00890111	2	0.00154109	0	0	4.73378e+07
193	0	3.0035e-11	0	0	-10.9638	77.8555	0.352761	-71581.5	-10080.3	0	78.6245	1.83649e-16	0.00448667	2	0.00154109	0	0	4.45943e+07
194	0	3.0035e-11	0	0	-78.7115	10.3846	0.679446	-9409.08	-71317.5	0	79.3965	1.85419e-16	0.00855774	2	0.00154109	0	0	4.52697e+07
199	0	3.0035e-11	0	0	-99.0146	8.62159	-0.908004	-5577.16	-64050.8	0	99.3934	1.15356e-16	0.00913558	2	0.00154109	0	0	5.02267e+07
200	0	3.0035e-11	0	0	-17.844	92.5421	0.362536	-64830.9	-12500.7	0	94.2475	0	0.00384665	2	0.00154109	0	0	4.92103e+07
37	0	3.0035e-11	0	0	103.191	-1.14914	-0.186265	702.615	63093.3	0	103.197	0	0.00180495	4	0.00308217	0	0	5.10923e+07
39	0	3.0035e-11	0	0	49.0664	-110.691	0.379577	53254.3	23606.3	0	121.079	1.55261e-16	0.00313496	4	0.00308217	0	0	5.55558e+07
42	0	3.0035e-11	0	0	70.9952	120.025	-0.780372	-46718	27634	0	139.452	0	0.00559602	4	0.00308217	0	0	5.98648e+07
49	0	3.0035e-11	0	0	83.7772	-70.3244	0.631624	39403.6	46941.3	0	109.382	1.26949e-16	0.00577448	4	0.00308217	0	0	5.28275e+07
55	0	3.0035e-11	0	0	84.9825	87.5703	0.808174	-41640.1	40409.6	0	122.03	1.56152e-16	0.00662281	4	0.00308217	0	0	5.59686e+07
58	0	3.0035e-11	0	0	-126.483	55.5423	-0.374004	-21927.2	-49933.5	0	138.142	0	0.0027074	4	0.00308217	0	0	5.96159e+07
59	0	3.0035e-11	0	0	-125.725	35.5523	-0.709877	-15258.7	-53960.1	0	130.657	3.17782e-17	0.00543315	4	0.00308217	0	0	5.80341e+07
61	0	3.0035e-11	0	0	-100.836	-39.367	0.15037	22405.2	-57389.1	0	108.248	2.09478e-16	0.00138913	4	0.00308217	0	0	5.27117e+07
73	0	3.0035e-11	0	0	-122.742	-84.5213	0.358225	29778.8	-43244.7	0	149.028	4.19913e-16	0.00240374	4	0.00308217	0	0	6.15959e+07
98	0	3.0035e-11	0	0	-69.2386	-129.903	-0.330224	46621.5	-24849.3	0	147.204	2.08637e-16	0.00224331	4	0.00308217	0	0	6.09869e+07
101	0	3.0035e-11	0	0	-126.755	5.69129	-0.635906	-2552.39	-56846.3	0	126.885	2.94635e-16	0.00501171	4	0.00308217	0	0	5.67672e+07
109	0	3.0035e-11	0	0	-27.4483	-101.637	0.305637	60309.7	-16287.3	0	105.279	1.27212e-16	0.00290312	4	0.00308217	0	0	5.20036e+07
110	0	3.0035e-11	0	0	-114.064	-63.1293	-1.20175	27183.7	-49116.2	0	130.374	1.97707e-16	0.00921784	4	0.00308217	0	0	5.7619e+07
114	0	3.0035e-11	0	0	110.971	-26.134	-0.757515	13761	58432.3	0	114.009	2.66815e-16	0.00664439	4	0.00308217	0	0	5.39414e+07
123	0	3.0035e-11	0	0	99.6722	-82.1823	-0.573445	35876.3	43511.4	0	129.185	1.62988e-16	0.00443895	4	0.00308217	0	0	5.73469e+07
125	0	3.0035e-11	0	0	-99.9387	-36.4969	0.572883	21316.6	-58370.9	0	106.396	1.87324e-16	0.00538447	4	0.00308217	0	0	5.21045e+07
126	0	3.0035e-11	0	0	-91.6391	-101.792	0.185684	40704.7	-36644.7	0	136.965	1.70652e-16	0.00135571	4	0.00308217	0	0	5.92628e+07
127	0	3.0035e-11	0	0	23.0225	143.615	-0.0618653	-52478.2	8412.61	0	145.449	3.0119e-17	0.00042534	4	0.00308217	0	0	6.10442e+07
128	0	3.0035e-11	0	0	73.1772	-129.873	0.61803	45737.8	25771.1	0	149.071	5.95017e-17	0.00414588	4	0.00308217	0	0	6.15606e+07
133	0	3.0035e-11	0	0	-20.4492	114.216	0.059094	-58573.7	-10487	0	116.032	1.38825e-16	0.000509288	4	0.00308217	0	0	5.45333e+07
149	0	3.0035e-11	0	0	24.9486	-142.878	0.302071	52429.7	9154.99	0	145.04	1.71014e-16	0.00208267	4	0.00308217	0	0	6.06853e+07
158	0	3.0035e-11	0	0	-114.095	75.9971	0.4216	-30348.7	-45562.6	0	137.089	1.70776e-16	0.00307538	4	0.00308217	0	0	5.91556e+07
163	0	3.0035e-11	0	0	81.6211	123.777	0.671235	-43946.1	28979	0	148.267	0	0.00452721	4	0.00308217	0	0	6.1517e+07
164	0	3.0035e-11	0	0	16.4152	105.283	0.352336	-61353.7	9566.03	0	106.555	1.75946e-17	0.00330662	4	0.00308217	0	0	5.1949e+07
169	0	3.0035e-11	0	0	40.0214	133.701	-0.869436	-51978.2	15558.9	0	139.566	1.6198e-16	0.00622963	4	0.00308217	0	0	5.97674e+07
177	0	3.0035e-11	0	0	-23.0076	-128.779	0.500798	55167.8	-9856.25	0	130.819	3.17586e-17	0.00382818	4	0.00308217	0	0	5.78907e+07
178	0	3.0035e-11	0	0	-63.3536	-134.297	-1.26466	47572.5	-22442	0	148.495	2.48375e-16	0.00851659	4	0.00308217	0	0	6.13282e+07
182	0	3.0035e-11	0	0	-115.648	-13.4674	1.10035	6871.05	-59003.5	0	116.435	2.01979e-16	0.00945049	4	0.00308217	0	0	5.47848e+07
183	0	3.0035e-11	0	0	-12.7766	147.028	-0.141119	-52564.6	-4567.79	0	147.582	3.42894e-16	0.000956207	4	0.00308217	0	0	6.13778e+07
186	0	3.0035e-11	0	0	12.2773	119.601	-0.732892	-58151	5969.31	0	120.232	1.65636e-17	0.00609567	4	0.00308217	0	0	5.56953e+07
187	0	3.0035e-11	0	0	9.24155	132.087	0.69124	-55567.5	3887.82	0	132.411	1.53879e-16	0.00522042	4	0.00308217	0	0	5.78242e+07
195	0	3.0035e-11	0	0	-18.5607	121.239	0.390609	-57210.6	-8758.5	0	122.652	0	0.0031847	4	0.00308217	0	0	5.60446e+07
7	1	3.0035e-08	0	0	208.802	-85.2216	2.06855	16128.6	39516.7	0	225.533	0	0.00917197	8	0.00616435	0	0	75915.5
9	1	3.0035e-08	0	0	163.9	141.861	-1.85959	-28491.2	32917.5	0	216.775	1.25794e-16	0.00857854	8	0.00616435	0	0	74078.4
19	0	3.0035e-11	0	0	91.2432	153.457	-1.21363	-41232.9	24516.5	0	178.538	5.43702e-17	0.00679763	8	0.00616435	0	0	6.72705e+07
21	0	3.0035e-11	0	0	129.164	113.585	-1.14318	-32274.3	36701	0	172.007	1.99631e-16	0.00664619	8	0.00616435	0	0	6.60929e+07
25	0	3.0035e-11	0	0	-191.581	-123.843	1.12302	23038.7	-35640.1	0	228.126	2.33541e-16	0.00492281	8	0.00616435	0	0	7.58931e+07
29	0	3.0035e-11	0	0	-21.9402	-228.071	-0.131433	42151	-4054.87	0	229.124	1.19986e-17	0.000573631	8	0.00616435	0	0	7.61051e+07
31	0	3.0035e-11	0	0	175.349	38.9968	0.583342	-10382.3	46683.9	0	179.634	0	0.00324741	8	0.00616435	0	0	6.80018e+07
41	0	3.0035e-11	0	0	165.81	-14.8587	0.484992	4434.07	49480.4	0	166.475	1.93722e-16	0.00291331	8	0.00616435	0	0	6.509e+07
50	0	3.0035e-11	0	0	145.299	-173.605	-0.730749	32668.7	27342.1	0	226.387	1.31372e-16	0.00322788	8	0.00616435	0	0	7.61805e+07
52	0	3.0035e-11	0	0	-154.299	-114.658	-1.31453	27573.5	-37106.5	0	192.241	2.37427e-16	0.00683798	8	0.00616435	0	0	6.97709e+07
67	0	3.0035e-11	0	0	148.84	143.151	-0.441779	-30919.5	32148.2	0	206.509	1.56792e-16	0.00213928	8	0.00616435	0	0	7.27059e+07
70	0	3.0035e-11	0	0	139.913	-161.49	1.66763	33141.2	28713.3	0	213.676	2.67171e-16	0.00780456	8	0.00616435	0	0	7.36156e+07
71	0	3.0035e-11	0	0	-133.056	197.189	2.08272	-34449.2	-23245	0	237.89	1.67127e-16	0.00875509	8	0.00616435	0	0	7.83154e+07
78	0	3.0035e-11	0	0	-187.584	113.479	2.09394	-22406.7	-37038.7	0	219.248	3.941e-16	0.00955071	8	0.00616435	0	0	7.49274e+07
92	0	3.0035e-11	0	0	-153.151	126.896	-1.94058	-28997.3	-34996.8	0	198.901	1.15422e-16	0.00975663	8	0.00616435	0	0	7.14711e+07
93	0	3.0035e-11	0	0	-114.896	-161.541	1.12244	37098.5	-26386.3	0	198.237	2.36287e-16	0.00566214	8	0.00616435	0	0	7.11264e+07
97	0	3.0035e-11	0	0	-156.466	106.836	0.801268	-26259.1	-38457.5	0	189.463	1.05559e-16	0.00422917	8	0.00616435	0	0	6.93909e+07
99	0	3.0035e-11	0	0	152.129	145.574	2.0198	-30539.2	31914.3	0	210.569	0	0.00959226	8	0.00616435	0	0	7.32281e+07
102	0	3.0035e-11	0	0	-197.955	61.9057	-0.0791691	-13284.1	-42478.5	0	207.409	5.04443e-17	0.000381705	8	0.00616435	0	0	7.29113e+07
118	0	3.0035e-11	0	0	-102.437	174.037	1.44124	-38871	-22879.3	0	201.952	1.27857e-16	0.00713663	8	0.00616435	0	0	7.17672e+07
119	0	3.0035e-11	0	0	188.776	-36.2301	0.0607871	8713.9	45403.5	0	192.221	1.11546e-16	0.000316236	8	0.00616435	0	0	6.97854e+07
141	0	3.0035e-11	0	0	-62.1312	200.798	1.64095	-42235.4	-13068.5	0	210.197	2.49048e-16	0.00780679	8	0.00616435	0	0	7.34871e+07
146	0	3.0035e-11	0	0	-160.755	-88.0284	0.331827	22740.3	-41527.8	0	183.28	2.68311e-16	0.00181049	8	0.00616435	0	0	6.84049e+07
150	0	3.0035e-11	0	0	198.239	-51.532	0.0762409	11267.8	43346.2	0	204.827	5.07612e-17	0.00037222	8	0.00616435	0	0	7.22204e+07
167	0	3.0035e-11	0	0	98.9509	155.46	0.0109632	-39833.2	25354	0	184.28	0	5.94919e-05	8	0.00616435	0	0	6.84485e+07
170	0	3.0035e-11	0	0	246.607	-19.6138	0.739948	3231.04	40624.3	0	247.387	1.43559e-16	0.00299106	8	0.00616435	0	0	7.9412e+07
196	0	3.0035e-11	0	0	51.6856	162.408	-0.997305	-46785.7	14889.3	0	170.437	1.97809e-16	0.0058515	8	0.00616435	0	0	6.57822e+07
4	1	3.0035e-08	0	3.0035e-10	-14.4636	-382.756	-0.239825	32727.9	-1236.73	0	383.029	1.1457e-16	0.000626128	16	0.0123287	0	0	99046
6	1	3.0035e-08	0	3.0035e-10	345	-222.229	0.41309	17134.3	26600.2	0	410.379	2.38143e-16	0.0010066	16	0.0123287	0	0	102565
12	0	3.0035e-11	0	0	-250.556	-108.708	2.46349	15436.9	-35579.8	0	273.134	1.75832e-16	0.00901949	16	0.0123287	0	0	8.3946e+07
14	0	3.0035e-11	0	3.0035e-13	252.957	204.042	0.762912	-22323	27674.4	0	324.994	1.88594e-16	0.00234747	16	0.0123287	0	0	9.08209e+07
24	0	3.0035e-11	0	0	-314.531	-46.9693	2.81486	5308.49	-35548.4	0	318.031	2.7486e-16	0.00885103	16	0.0123287	0	0	9.05686e+07
26	0	3.0035e-11	0	0	-226.076	-204.127	-1.14111	24612.6	-27259.2	0	304.598	1.95382e-16	0.0037463	16	0.0123287	0	0	8.79859e+07
33	0	3.0035e-11	0	3.0035e-13	-35.2126	-351.695	-1.16917	33924.3	-3396.59	0	353.455	2.06018e-16	0.00330784	16	0.0123287	0	0	9.44839e+07
46	0	3.0035e-11	0	0	-15.017	302.11	2.00079	-36808.9	-1829.66	0	302.49	0	0.00661446	16	0.0123287	0	0	8.81939e+07
66	0	3.0035e-11	0	0	-86.5756	276.933	1.37824	-35915.5	-11228	0	290.154	0	0.00475005	16	0.0123287	0	0	8.64092e+07
87	0	3.0035e-11	0	0	-145.421	-282.774	-3.00473	31965.6	-16438.8	0	317.99	3.0627e-16	0.00944927	16	0.0123287	0	0	9.05919e+07
90	0	3.0035e-11	0	3.0035e-13	-185.09	349.96	2.94465	-28476.8	-15061.1	0	395.902	1.14871e-16	0.00743788	16	0.0123287	0	0	1.00456e+08
105	0	3.0035e-11	0	0	-275.114	51.3569	-1.915	-7030.89	-37663.9	0	279.873	1.6241e-16	0.00684243	16	0.0123287	0	0	8.4694e+07
115	0	3.0035e-11	0	0	95.3829	243.183	-1.83743	-36920.1	14481	0	261.226	1.51589e-16	0.00703391	16	0.0123287	0	0	8.17839e+07
116	0	3.0035e-11	0	3.0035e-13	381.828	44.4803	-3.75188	-3782.76	32472	0	384.429	2.23084e-16	0.00975977	16	0.0123287	0	0	9.94235e+07
124	0	3.0035e-11	0	3.0035e-13	-245.344	291.969	-1.07796	-25128.6	-21115.8	0	381.367	1.48804e-16	0.00282658	16	0.0123287	0	0	9.87247e+07
144	0	3.0035e-11	0	0	-125.564	273.826	1.7151	-33569.2	-15393.3	0	301.247	1.93824e-16	0.00569336	16	0.0123287	0	0	8.79041e+07
148	0	3.0035e-11	0	0	-207.131	-174.249	0.871165	25080.5	-29813.4	0	270.678	2.36368e-16	0.00321846	16	0.0123287	0	0	8.35283e+07
153	0	3.0035e-11	0	0	209.739	-156.837	0.0479581	23719.5	31720.1	0	261.894	1.51977e-16	0.000183121	16	0.0123287	0	0	8.13674e+07
154	0	3.0035e-11	0	3.0035e-13	-63.0901	-366.593	3.22839	32751.9	-5636.56	0	371.996	3.76667e-17	0.00867868	16	0.0123287	0	0	9.79511e+07
160	0	3.0035e-11	0	3.0035e-13	157.87	368.121	-3.53771	-29434	12622.9	0	400.561	0	0.00883202	16	0.0123287	0	0	1.01585e+08
161	0	3.0035e-11	0	0	76.4389	-261.011	0.13747	37300.3	10923.6	0	271.974	1.57826e-16	0.000505451	16	0.0123287	0	0	8.36933e+07
185	0	3.0035e-11	0	0	287.432	114.134	-1.57666	-13451.2	33875.4	0	309.267	4.13104e-17	0.00509809	16	0.0123287	0	0	8.93755e+07
3	1	3.0035e-08	0	3.0035e-09	-77.2827	-513.039	-2.71638	27826.4	-4191.69	0	518.834	0	0.00523557	32	0.0246574	0	0	115494
11	0	3.0035e-11	0	3.0035e-12	-198.445	-410.011	-0.71238	27032.9	-13083.9	0	455.511	2.04234e-16	0.00156391	32	0.0246574	0	0	1.0847e+08
17	0	3.0035e-11	0	3.0035e-13	406.378	-97.7385	-3.78447	7331.43	30482.7	0	417.984	2.42556e-16	0.00905424	32	0.0246574	0	0	1.03489e+08
28	0	3.0035e-11	0	3.0035e-12	187.431	-391.585	-3.67756	27748	13281.5	0	434.146	2.61408e-16	0.00847088	32	0.0246574	0	0	1.05191e+08
38	0	3.0035e-11	0	3.0035e-12	-242.315	-436.527	-3.21563	25081	-13922.4	0	499.282	2.60102e-16	0.00644054	32	0.0246574	0	0	1.12385e+08
43	0	3.0035e-11	0	3.0035e-12	-303.958	465.903	1.66386	-22760.9	-14849.4	0	556.29	0	0.00299099	32	0.0246574	0	0	1.19377e+08
48	0	3.0035e-11	0	3.0035e-12	484.376	215.681	1.6324	-11323.1	25429.4	0	530.227	1.53845e-16	0.00307868	32	0.0246574	0	0	1.15756e+08
57	0	3.0035e-11	0	3.0035e-13	415.433	101.063	4.0921	-7327.33	30120.1	0	427.569	1.28938e-16	0.00957077	32	0.0246574	0	0	1.04767e+08
62	0	3.0035e-11	6.007e-12	6.007e-12	-87.1868	589.535	-4.89144	-25973.7	-3841.28	0	595.967	0	0.00820765	32	0.0246574	0	0	1.23638e+08
65	0	3.0035e-11	0	3.0035e-12	-8.97154	-507.513	-5.07193	28445.1	-502.837	0	507.618	1.81376e-17	0.00999179	32	0.0246574	0	0	1.13854e+08
74	0	3.0035e-11	0	3.0035e-12	-298.228	357.02	-0.770227	-22808.1	-19052.1	0	465.192	0	0.00165572	32	0.0246574	0	0	1.08908e+08
88	0	3.0035e-11	0	3.0035e-12	-210.532	-505.869	-3.40735	25280.8	-10521.3	0	547.94	2.01711e-16	0.0062185	32	0.0246574	0	0	1.18861e+08
96	0	3.0035e-11	6.007e-12	6.007e-12	-501.959	-335.287	3.09151	14490.8	-21694.2	0	603.647	2.95689e-16	0.0051214	32	0.0246574	0	0	1.24751e+08
100	0	3.0035e-11	1.2014e-11	6.007e-12	488.497	-432.67	4.48085	16636.7	18783.3	0	652.574	5.68776e-17	0.00686648	32	0.0246574	0	0	1.28361e+08
106	0	3.0035e-11	0	3.0035e-12	-503.69	-286.418	-3.21833	13162.5	-23147.4	0	579.439	1.81081e-16	0.00555424	32	0.0246574	0	0	1.22054e+08
107	0	3.0035e-11	0	3.0035e-12	-330.85	431.332	1.71447	-21813.6	-16731.9	0	543.61	1.69593e-16	0.00315386	32	0.0246574	0	0	1.18011e+08
117	0	3.0035e-11	6.007e-12	6.007e-12	-582.986	215.744	-4.17091	-8922.46	-24110.4	0	621.64	5.82756e-17	0.00670958	32	0.0246574	0	0	1.26056e+08
129	0	3.0035e-11	0	3.0035e-12	-436.785	313.596	2.52993	-16121.3	-22454.2	0	537.708	1.56016e-16	0.00470505	32	0.0246574	0	0	1.16517e+08
143	0	3.0035e-11	6.007e-12	6.007e-12	-582.633	-118.64	-4.03298	5244.98	-25757.8	0	594.603	1.78757e-16	0.00678269	32	0.0246574	0	0	1.22783e+08
145	0	3.0035e-11	0	3.0035e-12	249.776	384.624	-0.545707	-25102.3	16301.5	0	458.611	6.78475e-17	0.00118991	32	0.0246574	0	0	1.08249e+08
165	0	3.0035e-11	6.007e-12	6.007e-12	98.681	-619.976	-1.20134	25264.3	4021.29	0	627.782	0	0.00191363	32	0.0246574	0	0	1.26484e+08
174	0	3.0035e-11	0	3.0035e-12	-73.0601	-482.924	0.257024	28677	-4338.46	0	488.419	1.64361e-17	0.000526236	32	0.0246574	0	0	1.12149e+08
179	0	3.0035e-11	0	3.0035e-12	-96.468	-483.63	1.53396	28306	-5646.08	0	493.16	1.46782e-16	0.00311048	32	0.0246574	0	0	1.12568e+08
181	0	3.0035e-11	0	3.0035e-12	-72.7904	553.067	1.63774	-26906.7	-3541.25	0	557.839	3.23714e-16	0.00293587	32	0.0246574	0	0	1.18714e+08
198	0	3.0035e-11	6.007e-12	6.007e-12	31.8803	-595.993	1.48965	26199.4	1401.44	0	596.847	1.74605e-16	0.00249587	32	0.0246574	0	0	1.23274e+08
10	1	3.0035e-08	1.2014e-08	6.007e-09	-464.601	-508.769	2.86476	18032.2	-16466.7	0	688.991	1.66062e-16	0.00415792	64	0.0493148	0	0	132277
18	0	3.0035e-11	1.2014e-11	6.007e-12	257.954	-687.877	-3.86269	22142.6	8303.47	0	734.663	2.13162e-16	0.00525779	64	0.0493148	0	0	1.36661e+08
20	0	3.0035e-11	1.2014e-11	6.007e-12	-307.704	-663.37	4.01488	21502.5	-9973.91	0	731.271	3.0201e-16	0.0054903	64	0.0493148	0	0	1.36351e+08
22	0	3.0035e-11	1.2014e-11	6.007e-12	-802.284	144.715	-6.48779	-3985.01	-22092.4	0	815.257	1.18273e-16	0.00795806	64	0.0493148	0	0	1.4466e+08
23	0	3.0035e-11	1.2014e-11	6.007e-12	707.257	220.198	-0.372418	-7000.93	22486.4	0	740.743	0	0.000502763	64	0.0493148	0	0	1.37561e+08
32	0	3.0035e-11	1.2014e-11	6.007e-12	261.279	-704.108	-6.41232	21927.8	8136.95	0	751.05	2.24274e-16	0.00853791	64	0.0493148	0	0	1.38519e+08
44	0	3.0035e-11	1.2014e-11	6.007e-12	717.381	371.489	-1.44911	-10370.1	20025.7	0	807.862	1.27864e-16	0.00179376	64	0.0493148	0	0	1.43963e+08
47	0	3.0035e-11	1.2014e-11	6.007e-12	-890.636	-527.901	7.31688	10157.1	-17136.4	0	1035.36	2.34916e-16	0.00706706	64	0.0493148	0	0	1.63311e+08
63	0	3.0035e-11	1.2014e-11	6.007e-12	233.218	-926.865	9.14204	20106.2	5059.13	0	955.799	4.69973e-17	0.00956495	64	0.0493148	0	0	1.5573e+08
104	0	3.0035e-11	1.2014e-11	6.007e-12	145.958	791.996	5.98959	-22212.5	4093.56	0	805.355	1.19608e-16	0.00743728	64	0.0493148	0	0	1.43201e+08
108	0	3.0035e-11	1.2014e-11	6.007e-12	506.024	-494.278	6.98206	16839.7	17239.9	0	707.404	1.09258e-16	0.00987014	64	0.0493148	0	0	1.34415e+08
112	0	3.0035e-11	1.2014e-11	6.007e-12	775.326	-552.697	1.26192	12057.8	16914.7	0	952.158	1.67182e-16	0.00132533	64	0.0493148	0	0	1.55126e+08
121	0	3.0035e-11	1.2014e-11	6.007e-12	721.928	299.95	-3.55899	-8795.89	21170.2	0	781.769	1.13415e-16	0.0045525	64	0.0493148	0	0	1.41819e+08
136	0	3.0035e-11	1.2014e-11	6.007e-12	148.586	-736.614	-4.2487	22920.8	4623.46	0	751.462	2.65016e-17	0.00565395	64	0.0493148	0	0	1.38367e+08
140	0	3.0035e-11	1.2014e-11	6.007e-12	196.17	-634.853	-4.2263	23757.4	7341.07	0	664.483	1.928e-16	0.00636033	64	0.0493148	0	0	1.29641e+08
142	0	3.0035e-11	1.2014e-11	6.007e-12	-994.541	257.537	7.90358	-5013.06	-19359.1	0	1027.38	0	0.00769305	64	0.0493148	0	0	1.6208e+08
155	0	3.0035e-11	1.2014e-11	6.007e-12	-407.577	-577.345	-1.29454	19697.6	-13905.5	0	706.717	2.18622e-16	0.00183178	64	0.0493148	0	0	1.34676e+08
168	0	3.0035e-11	1.2014e-11	6.007e-12	-118.286	703.896	2.19815	-23660.2	-3975.95	0	713.769	2.71924e-17	0.00307964	64	0.0493148	0	0	1.35106e+08
180	0	3.0035e-11	1.2014e-11	6.007e-12	984.174	-132.359	7.27959	2711.09	20158.7	0	993.061	1.51266e-16	0.00733052	64	0.0493148	0	0	1.60029e+08
188	0	3.0035e-11	1.2014e-11	6.007e-12	114.471	-755.896	6.75303	22920.2	3470.99	0	764.544	2.62739e-17	0.00883288	64	0.0493148	0	0	1.39979e+08
191	0	3.0035e-11	1.2014e-11	6.007e-12	-666.292	208.796	2.23176	-7253.66	-23147.2	0	698.245	0	0.00319625	64	0.0493148	0	0	1.33276e+08
35	0	3.0035e-11	1.2014e-11	6.007e-12	-862.951	725.607	9.82089	-12285.1	-14610.5	0	1127.51	1.63574e-16	0.00871033	128	0.0986296	0	0	1.69451e+08
51	0	3.0035e-11	1.2014e-11	6.007e-12	-1325.46	-328.47	6.27669	4172.29	-16836.2	0	1365.57	2.52948e-16	0.00459641	128	0.0986296	0	0	1.87444e+08
68	0	3.0035e-11	1.2014e-11	6.007e-12	280.537	-1422.19	-13.8783	16516.6	3258.02	0	1449.66	2.13744e-16	0.00957364	128	0.0986296	0	0	1.9321e+08
69	0	3.0035e-11	1.2014e-11	6.007e-12	-442.617	-1430.96	-12.7322	15822	-4893.98	0	1497.9	2.20527e-16	0.0085001	128	0.0986296	0	0	1.96168e+08
76	0	3.0035e-11	1.2014e-11	6.007e-12	-1100.37	193.546	-10.8354	-3321.9	-18886	0	1117.31	1.63545e-16	0.00969789	128	0.0986296	0	0	1.68627e+08
79	0	3.0035e-11	1.2014e-11	6.007e-12	638.394	-1267.86	-2.60988	15195.2	7651.1	0	1419.51	4.11872e-16	0.00183857	128	0.0986296	0	0	1.9022e+08
86	0	3.0035e-11	1.2014e-11	6.007e-12	1626.38	-269.466	10.2666	2580.42	15574.3	0	1648.58	1.24824e-16	0.00622756	128	0.0986296	0	0	2.06291e+08
89	0	3.0035e-11	1.2014e-11	6.007e-12	-263.558	-1475.65	4.99363	16297.6	-2910.83	0	1499.01	2.17468e-16	0.0033313	128	0.0986296	0	0	1.9588e+08
91	0	3.0035e-11	1.2014e-11	6.007e-12	926.457	-904.586	-11.0583	12444.1	12745	0	1294.88	0	0.0085401	128	0.0986296	0	0	1.81542e+08
131	0	3.0035e-11	1.2014e-11	6.007e-12	1255.92	90.3566	-5.26229	-1296.22	18016.9	0	1259.18	1.02365e-17	0.00417916	128	0.0986296	0	0	1.79157e+08
137	0	3.0035e-11	1.2014e-11	6.007e-12	979.214	-865.423	-1.14983	11742	13285.9	0	1306.84	0	0.000879862	128	0.0986296	0	0	1.82392e+08
138	0	3.0035e-11	1.2014e-11	6.007e-12	-1260.89	-65.5339	-6.43028	936.294	-18014.6	0	1262.61	2.66978e-16	0.00509287	128	0.0986296	0	0	1.80249e+08
152	0	3.0035e-11	1.2014e-11	6.007e-12	-1267.06	750.836	11.4577	-8514.46	-14368.5	0	1472.87	2.13676e-16	0.00777925	128	0.0986296	0	0	1.93754e+08
157	0	3.0035e-11	1.2014e-11	6.007e-12	917.107	576.888	4.2703	-10368.5	16483.3	0	1083.47	3.26529e-16	0.00394134	128	0.0986296	0	0	1.65428e+08
197	0	3.0035e-11	1.2014e-11	6.007e-12	744.86	-801.264	-0.161075	14193.6	13194.4	0	1094	1.58712e-16	0.000147234	128	0.0986296	0	0	1.67966e+08
5	1	3.0035e-08	1.2014e-08	6.007e-09	-1702.26	119.061	8.69959	-1082.64	-15478.9	0	1706.44	1.24093e-16	0.00509811	256	0.197259	0	0	208777
15	0	3.0035e-11	1.2014e-11	6.007e-12	2034.8	1009.46	-22.3233	-5976.84	12047.7	0	2271.54	1.75691e-16	0.00982756	256	0.197259	0	0	2.40662e+08
30	0	3.0035e-11	1.2014e-11	6.007e-12	517.969	2515.41	11.678	-12388.3	2550.98	0	2568.21	1.88485e-16	0.00454717	256	0.197259	0	0	2.56993e+08
53	0	3.0035e-11	1.2014e-11	6.007e-12	2555.85	-209.411	-21.4669	1033.6	12615	0	2564.51	1.86023e-16	0.00837087	256	0.197259	0	0	2.54782e+08
75	0	3.0035e-11	1.2014e-11	6.007e-12	1578.94	-847.848	7.45997	7162.89	13339.4	0	1792.19	6.86426e-17	0.00416249	256	0.197259	0	0	2.14794e+08
80	0	3.0035e-11	1.2014e-11	6.007e-12	1051.23	-1611.59	1.74027	12239	7983.4	0	1924.13	0	0.000904441	256	0.197259	0	0	2.21511e+08
83	0	3.0035e-11	1.2014e-11	6.007e-12	-758.219	-1522.62	-4.50877	13912.1	-6927.83	0	1700.96	2.44753e-16	0.00265072	256	0.197259	0	0	2.07655e+08
103	0	3.0035e-11	1.2014e-11	6.007e-12	-1927.74	162.977	-3.09853	-1227.66	-14521.1	0	1934.62	0	0.00160162	256	0.197259	0	0	2.21657e+08
132	0	3.0035e-11	1.2014e-11	6.007e-12	-954.726	-1515.34	-15.9099	12814.3	-8073.52	0	1791.09	1.37327e-16	0.00888293	256	0.197259	0	0	2.15058e+08
134	0	3.0035e-11	1.2014e-11	6.007e-12	1111.25	-1545.44	-13.7259	11928	8576.78	0	1903.54	1.53302e-16	0.00721082	256	0.197259	0	0	2.21175e+08
135	0	3.0035e-11	1.2014e-11	6.007e-12	2191.15	-46.4199	15.6815	289.994	13688.5	0	2191.7	1.5898e-16	0.00715503	256	0.197259	0	0	2.35747e+08
171	0	3.0035e-11	1.2014e-11	6.007e-12	-503.378	-2169.77	5.53755	13230	-3069.33	0	2227.4	0	0.00248611	256	0.197259	0	0	2.39019e+08
173	0	3.0035e-11	1.2014e-11	6.007e-12	-810.973	2152.53	11.0002	-12506.4	-4711.83	0	2300.26	1.66855e-16	0.00478216	256	0.197259	0	0	2.42946e+08
176	0	3.0035e-11	1.2014e-11	6.007e-12	992.353	1424.65	-12.1976	-12622.5	8792.35	0	1736.24	6.97398e-17	0.00702534	256	0.197259	0	0	2.11123e+08
184	0	3.0035e-11	1.2014e-11	6.007e-12	-1038.92	-2050.6	-9.42675	11925.6	-6042	0	2298.78	2.42436e-16	0.00410077	256	0.197259	0	0	2.43258e+08
13	0	3.0035e-11	1.2014e-11	6.007e-12	2896.09	-11.8287	21.5431	48.6464	11910.4	0	2896.2	8.43708e-19	0.00743847	512	0.394518	0	0	2.72682e+08
16	0	3.0035e-11	1.2014e-11	6.007e-12	3190.14	791.237	22.9016	-2691.44	10851.5	0	3286.88	2.38422e-16	0.00696765	512	0.394518	0	0	2.88988e+08
36	0	3.0035e-11	1.2014e-11	6.007e-12	2916.65	287.013	11.8634	-1159.52	11783.1	0	2930.77	2.13013e-16	0.00404789	512	0.394518	0	0	2.72496e+08
45	0	3.0035e-11	1.2014e-11	6.007e-12	1931.95	-3190.29	26.7841	8977.67	5436.63	0	3729.76	2.86797e-16	0.00718125	512	0.394518	0	0	3.09903e+08
54	0	3.0035e-11	1.2014e-11	6.007e-12	406.772	-3161.48	-17.1736	11260.2	1448.8	0	3187.59	1.1844e-16	0.00538766	512	0.394518	0	0	2.86743e+08
60	0	3.0035e-11	1.2014e-11	6.007e-12	-255.002	3230.29	-10.5291	-11225.3	-886.137	0	3240.36	1.27623e-17	0.00324936	512	0.394518	0	0	2.87242e+08
64	0	3.0035e-11	1.2014e-11	6.007e-12	-1674.83	2462.66	26.1836	-9711.95	-6604.99	0	2978.33	2.16041e-16	0.00879148	512	0.394518	0	0	2.7631e+08
82	0	3.0035e-11	1.2014e-11	6.007e-12	-1262.88	-3474.53	-20.0392	9907.78	-3601.16	0	3696.98	1.42348e-16	0.00542046	512	0.394518	0	0	3.08236e+08
84	0	3.0035e-11	1.2014e-11	6.007e-12	-2689.16	-707.553	-25.5139	3092.9	-11755	0	2780.81	2.20425e-16	0.00917514	512	0.394518	0	0	2.66641e+08
85	0	3.0035e-11	1.2014e-11	6.007e-12	1591.19	2894.81	-19.7435	-9773.21	5372.04	0	3303.37	1.19809e-16	0.0059768	512	0.394518	0	0	2.89427e+08
139	0	3.0035e-11	1.2014e-11	6.007e-12	-19.6358	3035.71	-18.5894	-11633.1	-75.2463	0	3035.83	2.20213e-16	0.00612338	512	0.394518	0	0	2.78489e+08
27	0	3.0035e-11	1.2014e-11	6.007e-12	-3279.21	2712.77	-14.6432	-6262.89	-7570.62	0	4255.88	0	0.00344072	1024	0.789037	0	0	3.28662e+08
56	0	3.0035e-11	1.2014e-11	6.007e-12	-4182.39	-1174.99	-20.9847	2630.25	-9362.36	0	4344.35	2.36489e-16	0.00483036	1024	0.789037	0	0	3.3412e+08
159	0	3.0035e-11	1.2014e-11	6.007e-12	-2680.6	3321.17	-0.562426	-7634.83	-6162.25	0	4267.99	1.54795e-16	0.000131778	1024	0.789037	0	0	3.30587e+08
