#ID	time	type	mass	wm	swm	r	x	y	z	vx	vy	vz	a	ecc	inc	formation_time	collision	collision_index
166	34.7176	0	3.20122e-11	0	0	90.2962	64.2663	63.429	-0.378559	-47379.9	48008.8	582.208	90.297	6.00436e-08	0.00959564	0	1	130
128	161.753	0	3.59547e-11	0	0	149.071	77.0908	127.59	-0.303993	-44933.4	27148.7	-189.503	149.071	1.51918e-07	0.00414589	0	1	73
175	287.998	0	5.7983e-11	0	0	94.1965	86.2592	37.8461	0.0898322	-26534.4	60476.7	408.372	94.1965	3.71526e-07	0.00625658	0	1	200
72	363.746	0	9.45166e-11	0	0	69.7759	69.5045	6.14838	0.43748	-6758.11	76433.9	-517.757	69.7774	1.23812e-06	0.00921081	0	1	156
52	439.493	0	3.45204e-11	0	0	192.241	126.735	-144.55	0.106289	34760.3	30476.3	315.071	192.24	1.37146e-06	0.00683778	0	1	119
87	515.241	0	3.09628e-11	0	0	317.987	187.978	-256.476	-1.34286	28991.5	21247	303.842	317.99	1.3362e-08	0.00944929	0	1	24
111	893.979	0	3.60261e-10	0	0	77.6255	38.5278	-67.3894	0.0614905	63156.8	36107.8	-319.066	77.6239	2.09182e-05	0.00445673	0	1	40
158	1727.2	0	2.46162e-10	0	0	137.088	116.996	71.4501	-0.175198	-28532.7	46721.2	152.708	137.088	6.32846e-07	0.00306828	0	1	126
113	2812.92	0	3.70334e-10	0	0	98.5188	-83.2989	52.6046	0.687258	-34483	-54597.7	-440.168	98.5204	8.05696e-06	0.00975317	0	1	120
125	3418.9	0	9.58152e-10	0	0	106.395	65.5077	-83.8369	-0.189661	48965.4	38261.1	-317.882	106.396	9.98251e-06	0.00541715	0	1	164
169	3696.64	0	2.48425e-10	0	0	139.562	121.196	69.2031	-0.634167	-26904.9	47116.5	-232.439	139.566	1.49042e-05	0.00624504	0	1	42
59	4580.36	0	5.92004e-10	0	0	130.657	43.1122	-123.339	0.41309	52934.4	18504	248.317	130.657	6.47763e-06	0.00544111	0	1	177
199	7484.01	0	8.37323e-10	0	0	99.4065	80.9429	57.7054	0.242524	-37315.7	52348.6	-456.793	99.4064	3.88607e-05	0.00751269	0	1	2
178	9200.96	0	4.91907e-10	0	0	148.491	138.641	-53.1823	0.255362	18836.2	49111.3	442.457	148.494	4.06525e-05	0.00858565	0	1	163
115	9503.95	0	6.00225e-11	0	0	261.247	-244.307	92.5412	0.156903	-14046.9	-37082.9	276.901	261.225	8.52186e-05	0.00700855	0	1	153
149	27203.6	0	2.30797e-08	0	0	145.313	28.7128	142.448	-0.124614	-52145	10472.2	-33.6432	145.385	0.00086574	0.00106597	0	1	127
95	32960.4	0	3.07516e-08	0	0	64.9995	-0.251124	64.999	0.190133	-81038.4	-365.956	-311.342	67.6386	0.0390191	0.00482716	0	0	-893615488
8	34298.6	1	7.04006e-08	0	0	64.9999	12.6608	63.7549	0.017521	-79735.9	15831.3	327.576	68.0997	0.0455183	0.0040386	0	0	-893615488
12	46544.5	0	3.13914e-10	0	0	273.141	17.872	272.556	-0.0678823	-38698	2540.41	339.529	273.128	8.80409e-05	0.00875827	0	1	161
124	51594.3	0	3.63975e-10	0	3.0035e-13	381.305	-153.46	-349.061	-0.0743958	30045.4	-13214.5	101.243	381.258	0.000196967	0.00309069	0	1	4
146	60961.8	0	4.42415e-10	0	0	183.297	-78.9508	165.422	-0.145995	-42702.8	-20389.7	-84.6299	183.117	0.000993217	0.00195789	0	1	167
120	79317.9	0	3.28635e-08	0	0	101.908	-79.382	-63.9035	-0.266751	39266.2	-48540.2	-204.004	98.6395	0.0332203	0.00419154	0	1	2
73	90983	0	6.39517e-08	0	0	146.961	89.0519	-116.907	-0.0780463	39554.7	34694.2	-284.552	145.538	0.0696884	0.00548364	0	1	127
122	100931	0	2.14496e-08	0	0	93.4144	-3.11436	-93.3624	-0.132841	66815.3	-3608.65	-144.042	95.1261	0.0273591	0.00255595	0	1	130
37	109844	0	4.10674e-08	0	0	103.144	28.7498	-99.0567	-0.139442	59790.1	19321.8	413.492	102.248	0.0313472	0.00668103	0	1	2
39	115550	0	2.02815e-08	0	0	115.661	-73.8703	88.998	0.0853426	-46728.3	-38845.7	93.6762	120.417	0.0395035	0.00170958	0	1	55
34	129286	0	4.93257e-08	0	0	98.081	28.0025	93.9986	0.0916292	-61730.7	19727.6	174.711	98.3385	0.0199586	0.0028362	0	1	2
177	132265	0	5.78558e-08	0	0	139.718	-131.807	46.3466	0.062032	-16340.6	-49276.3	67.1678	128.956	0.0853479	0.00137558	0	1	127
186	135775	0	2.01345e-08	0	0	112.919	-107.68	-33.9943	-0.132866	15886.2	-60046.7	180.812	120.169	0.0765091	0.0031944	0	1	55
109	138729	0	8.58166e-08	0	0	110.5	-110.498	0.628231	-0.0993337	-928.074	-58420.2	149.857	102.139	0.0824819	0.00272658	0	1	55
126	145698	0	3.78422e-08	0	0	139.583	128.322	54.9254	0.180122	-21809.5	49357.9	-233.131	138.104	0.0158198	0.00449477	0	1	127
101	150495	0	9.01043e-08	0	0	132.045	99.2431	-87.1022	0.302633	36153.8	40707.3	62.7625	126.078	0.0476954	0.00255944	0	1	127
116	151379	0	9.48377e-11	0	3.0035e-13	383.386	306.676	-230.074	-0.848134	19766.6	26158	296.344	384.607	0.00469136	0.00931261	0	1	4
164	156101	0	3.09655e-08	0	0	109.266	-107.886	-17.3143	0.0605157	12418.7	-58200.5	122.886	103.264	0.0773217	0.0021679	0	1	55
77	156909	0	4.1469e-08	0	0	79.4352	-76.2536	22.2563	0.245173	-17362.6	-69915	-47.9157	79.7038	0.0406996	0.0031334	0	1	194
193	159939	0	1.48352e-08	0	0	75.8078	2.3338	-75.7719	-0.0497223	74773.6	2972.82	556.849	78.4203	0.0344942	0.00746442	0	1	194
32	160418	0	6.23301e-11	1.2014e-11	6.007e-12	751.048	606.81	442.555	1.82666	-13781.8	18896.2	191.184	751.049	1.06797e-06	0.00852843	0	1	136
182	163372	0	5.28119e-08	0	0	121.031	56.1966	-107.193	0.357477	50164.8	27145.4	3.54516	116.197	0.0436268	0.00295532	0	1	127
187	166428	0	6.01441e-08	0	0	138.113	-33.5992	133.964	-0.450677	-51713.2	-7987.66	244.357	127.936	0.121659	0.0059643	0	1	127
133	167614	0	6.02605e-08	0	0	119.316	80.4026	-88.1571	0.340026	42008.6	39428.5	254.536	115.169	0.0387416	0.005292	0	1	127
40	179759	0	5.6833e-08	0	0	64.999	60.057	-24.8601	-0.286152	32267.8	78036.7	-96.8321	74.5544	0.12816	0.00454969	0	0	-893615488
194	181148	0	1.11296e-07	0	0	64.9997	60.914	-22.6814	-0.423616	29482.3	79216.1	187.503	74.7413	0.130319	0.00688396	0	0	-893615488
147	187864	0	4.67297e-08	0	0	92.4954	79.7793	46.8045	0.247401	-36045.8	53718.2	188.792	87.4386	0.0835514	0.00408347	0	1	94
78	236671	0	4.84977e-08	0	0	220.539	-187.444	116.199	-0.476983	-24758.6	-34695.6	265.737	215.213	0.0693471	0.0067442	0	1	9
172	242882	0	2.73832e-08	0	0	70.1271	-34.872	60.8421	0.350698	-68094.9	-39539.2	549.073	74.4746	0.0586295	0.0086037	0	1	1
97	245079	0	5.16505e-08	0	0	186.494	186.389	-6.25453	0.474579	-377.279	47259.7	-157.921	189.123	0.0437827	0.00411873	0	1	167
156	246770	0	3.91877e-08	0	0	64.9998	-17.2764	62.6618	-0.13838	-78322.6	-21586.5	229.67	68.0085	0.0442384	0.00353906	0	0	-893615488
31	250861	0	5.10121e-08	0	0	186.471	146.574	-115.27	-0.188495	28452.6	36311.1	-393.69	180.323	0.0341381	0.00859546	0	1	93
2	259850	1	2.34711e-07	0	0	99.8327	93.3481	35.3934	-0.035776	-20235.7	60092	-239.248	97.5839	0.0440772	0.00377938	0	1	127
130	262122	0	6.91167e-08	0	0	64.9999	46.1693	-45.7535	-0.168658	60943	61511.6	176.057	79.8722	0.186198	0.00329627	0	0	-893615488
81	276211	0	7.50246e-09	0	0	73.1288	66.044	-31.4009	0.147071	38600.2	69776.8	252.69	84.233	0.145215	0.00365424	0	1	189
108	278382	0	8.77387e-11	1.2014e-11	6.007e-12	707.41	-609.577	-358.95	-1.27262	12227.6	-20765.5	240.062	707.402	1.60979e-05	0.0101226	0	1	155
192	295249	0	9.86672e-08	0	0	65	57.2257	-30.8255	-0.0404693	40555.9	75208.1	110.377	76.9302	0.155078	0.00143424	0	0	-893615488
200	296486	0	5.85343e-08	0	0	97.2723	-30.1624	92.4778	0.0997877	-60875.1	-20959.6	424.497	95.4979	0.0247188	0.00669001	0	1	127
141	298885	0	1.61422e-08	0	0	209.05	89.0882	189.117	-0.109207	-40647.7	18722.7	122.921	213.112	0.0209079	0.0027916	0	1	99
67	301990	0	2.76175e-08	0	0	180.392	126.932	128.178	0.230351	-37458.1	31819.8	11.6423	192.032	0.0972944	0.00132021	0	1	102
49	305955	0	3.42238e-08	0	0	89.3492	-22.8553	86.3766	0.295735	-67183.3	-25662.1	678.161	102.102	0.163255	0.0103775	0	1	55
150	326482	0	9.14416e-08	0	0	215.177	120.782	178.081	-0.273738	-35663.4	23533.6	23.4679	206.143	0.0456164	0.00137935	0	1	7
110	331759	0	2.4769e-08	0	0	101.909	70.0922	73.976	-0.0229089	-50923.8	42383.7	-455.844	111.847	0.109515	0.00691251	0	1	55
151	334006	0	7.84564e-08	0	0	64.9998	64.9956	-0.743567	0.30115	916.39	85696.4	-187.417	77.5663	0.162002	0.00512175	0	0	-893615488
19	334309	0	6.81078e-08	0	0	193.339	173.422	85.467	-0.697233	-19738.6	39236.4	135.957	177.021	0.0925513	0.00473338	0	1	167
55	344535	0	3.72913e-07	0	0	86.1799	-85.6613	-9.4395	0.212366	3626.46	-73637.3	730.992	100.242	0.152542	0.0100889	178926	1	127
162	345141	0	8.65661e-08	0	0	64.9999	-18.6926	62.2541	0.27005	-79985.5	-24006.2	-360.712	72.4934	0.103361	0.00599343	0	0	-893615488
94	359281	0	1.06332e-07	0	0	86.1004	-85.9049	5.79948	0.163377	-19.3008	-68334.2	144.291	84.2949	0.0703942	0.00293862	0	1	127
1	363422	1	1.31475e-07	0	0	65	-59.0447	27.1792	0.0517465	-34268.2	-74491.3	-323.853	69.4209	0.0636839	0.00402887	0	0	-893615488
62	385767	0	2.54285e-10	6.007e-12	6.007e-12	596.024	-595.737	-18.4719	0.0456751	814.282	-26240.3	215.011	595.968	9.62265e-05	0.00819015	0	1	198
189	387030	0	5.54533e-08	0	0	64.9999	55.8104	33.3194	0.351533	-43616.4	73088.1	-127.438	76.1232	0.14611	0.00561186	0	0	-893615488
105	449067	0	3.04551e-08	0	0	251.11	-30.022	-249.309	-0.238573	41695.1	-3788.8	229.808	270.403	0.0770746	0.00554551	0	1	161
21	500171	0	6.06374e-08	0	0	183.827	-52.9981	176.021	0.308323	-44126.6	-12543.5	-180.188	173.688	0.0603915	0.00429527	0	1	119
70	509741	0	9.69263e-09	0	0	182.804	-171.603	-63.0073	0.0953633	13632.6	-47599.1	280.141	201.063	0.116255	0.00565894	0	1	7
99	513200	0	6.81769e-08	0	0	224.744	120.535	-189.687	-0.119967	34833.6	21255.6	67.1014	206.355	0.0909373	0.00173834	0	1	9
119	584478	0	1.45635e-07	0	0	185.046	-147.772	111.381	-0.251062	-24261.1	-37781.5	60.5207	169.459	0.118476	0.00184457	0	1	167
41	588190	0	6.36026e-08	0	0	137.336	126.631	-53.1588	0.153305	23451.3	52648.6	243.365	154.382	0.112478	0.00434517	0	1	167
98	605839	0	8.15294e-09	0	0	130.309	125.97	-33.3481	0.16039	13951.3	57494.5	-475.527	146.454	0.112148	0.00810758	0	1	167
93	596781	0	1.3356e-07	0	0	196.143	120.249	154.958	-0.525983	-36043.2	23479.7	162.511	175.662	0.142493	0.00446406	0	1	102
190	619852	0	4.22576e-08	0	0	64.9999	40.9966	-50.4407	-0.874439	66151.6	53756.8	1610.96	76.479	0.150018	0.023195	0	0	-893615488
93	620357	0	1.33561e-07	0	0	188.845	173.189	-75.2864	0.0835076	22495.3	38763.5	-114.705	175.387	0.138386	0.00266495	0	1	102
163	621620	0	6.62181e-09	0	0	132.154	90.4103	96.3881	0.0397947	-42137.5	40942.2	-452.229	148.549	0.111748	0.00770944	0	1	201
163	607033	0	6.62181e-09	0	0	158.525	-26.9116	-156.224	0.510726	48972.2	-4677.39	376.931	148.692	0.100074	0.00855651	0	1	102
190	619632	0	4.22576e-08	0	0	64.9998	40.011	-51.2259	-0.905254	67191.3	52459.1	1585.57	76.4902	0.150138	0.0232345	0	0	-1575314290
66	624505	0	3.39759e-08	0	0	293.036	229.609	-182.071	-0.14722	23157.3	29473.5	204.18	293.651	0.00494265	0.0054682	0	1	26
183	631828	0	4.67404e-08	0	0	150.471	-136.288	-63.7755	0.301542	21801.3	-44113.7	-147.465	135.17	0.115173	0.00357024	0	1	102
46	650512	0	1.85005e-08	0	0	293.986	293.594	15.1761	1.09473	-929.293	38029.5	115.766	304.807	0.0447195	0.00474626	0	1	26
65	828367	0	8.35894e-10	0	3.0035e-12	507.599	151.284	-484.531	-0.425655	27122.2	8583.63	269.11	507.575	0.00387777	0.00949332	0	1	174
92	882906	0	1.51787e-08	0	0	173.264	-163.367	-57.7217	-0.166993	22662.5	-44626.7	303.112	183.639	0.141452	0.0060586	0	1	7
127	987755	1	1.58389e-06	0	0	65	39.1416	-51.8935	0.0194405	63531.3	47919.6	1.81704	65.1204	0.00184869	0.000299955	132291	0	-1575314290
