#ID	Type	M	WM	SWM	x	y	z	xv	vy	vz	a	e	i	N	dt	init_time	formation_time	P
61	0	6.53858e-08	0	0	90.4985	40.381	-0.118458	-18049.5	62546.3	-54.6866	101.346	0.140039	0.00137587	2	0.00154109	0	0	23261.3
114	0	2.94687e-08	0	0	-49.7468	108.605	-0.721703	-49142.9	-18233.1	469.385	99.458	0.213801	0.0111981	2	0.00154109	0	0	51155.7
127	1	1.56551e-06	0	0	-37.072	-57.4675	-0.00474455	65210.8	-42028	22.184	68.5136	0.00188953	0.000294214	2	0.00154109	0	132291	814.013
123	0	3.91425e-08	0	0	85.1815	-123.445	-0.228596	39583.3	25101.4	-215.767	125.194	0.20163	0.0047962	2	0.00154109	0	0	43252.3
58	0	4.08567e-08	0	0	-97.077	35.6639	-1.22161	-33643.7	-59241.4	-581.993	124.39	0.233353	0.0135789	2	0.00154109	0	0	41494.3
42	0	2.63462e-08	0	0	52.5418	-126.114	1.2904	47495.2	15547	-571.083	116.839	0.18608	0.0154313	2	0.00154109	0	0	62056.8
98	0	8.15298e-09	0	0	-87.7884	-148.342	-0.476346	40519.6	-17257.5	723.963	145.339	0.226407	0.016448	2	0.00154109	0	0	225276
195	0	4.75805e-08	0	0	-73.2724	66.8585	6.53325	-49368	-50760.5	300.069	126.329	0.215404	0.0658049	2	0.00154109	0	0	35763
201	1	2.08116e-07	0	0	-99.7032	-133.296	1.67047	36644.3	-25162.5	601.732	138.809	0.203132	0.0171865	2	0.00154109	34298.6	0	8637.17
102	0	4.51394e-07	0	0	-85.4044	-126.948	0.653871	45377.3	-28828.5	155.414	165.646	0.0806735	0.0052237	2	0.00154109	0	596782	4338.2
92	0	1.51787e-08	0	0	-124.273	160.882	-1.20131	-31296.8	-28376.7	-80.0857	182.015	0.140621	0.00636613	2	0.00154109	0	0	135715
167	0	5.533e-07	0	0	-85.3937	-148.137	0.707655	38394.4	-19381.7	-202.235	138.999	0.23638	0.00609878	2	0.00154109	0	511432	3245.84
118	0	2.49335e-08	0	0	-166.297	-4.52313	-0.364864	4402.58	-52314.5	-389.388	188.203	0.129015	0.0078654	2	0.00154109	0	0	83778.6
9	1	2.46789e-07	0	0	184.506	124.358	-0.0817326	-20149.1	35146.3	-55.9821	200.243	0.132445	0.00140759	2	0.00154109	0	0	8699.41
25	0	9.21866e-09	0	0	55.4774	-211.276	-8.35701	43278.2	5160.28	186.101	220.97	0.137817	0.0394305	2	0.00154109	0	0	243166
7	1	2.55168e-07	0	0	-74.5242	-137.416	-0.103846	49554.8	-23031.8	374.169	180.979	0.149368	0.00685135	2	0.00154109	0	0	7994.24
29	0	9.88933e-08	0	0	74.031	-207.306	-2.45769	41749.6	8902.9	1346.08	215.272	0.133969	0.035113	2	0.00154109	0	0	22565.7
196	0	2.78553e-08	0	0	-122.791	-87.0063	0.00478925	35381	-39362.9	-462.101	154.532	0.118342	0.00878585	2	0.00154109	0	0	67768.8
50	0	1.94636e-08	0	0	-192.229	52.2513	2.53547	-11779.7	-46478.5	390.659	225.067	0.116091	0.015231	2	0.00154109	0	0	117619
71	0	5.3706e-08	0	0	-192.835	4.89906	2.86349	-3263.54	-49175.6	161.72	224.457	0.146229	0.015083	2	0.00154109	0	0	42382.3
153	0	2.17844e-07	0	0	242.65	-35.7423	0.218464	1772.85	40019.7	55.9501	235.377	0.11005	0.00174035	2	0.00154109	0	0	10674
170	0	1.21746e-07	0	0	-109.671	-206.291	-0.730787	33581.5	-24208.7	-610.554	227.88	0.137876	0.0147913	2	0.00154109	0	0	18786.5
161	0	2.46356e-07	0	0	192.042	-164.851	0.624638	24584.3	32200.2	-123.156	255.92	0.0583098	0.00381063	2	0.00154109	0	0	9825.83
148	0	6.27929e-09	0	0	-268.878	45.5569	0.637844	-7186.49	-37415.5	461.136	263.143	0.0424642	0.0122793	2	0.00154109	0	0	390041
144	0	5.64116e-08	0	0	-253.739	-154.136	0.117979	20439.1	-30878.4	-136.672	294.202	0.0398711	0.00369956	2	0.00154109	0	0	46355.2
26	0	1.18303e-07	0	0	-157.42	-264.918	-0.110674	31565.2	-17534.2	115.531	301.504	0.0365245	0.0032106	2	0.00154109	0	0	22304.5
185	0	3.80848e-08	0	0	254.94	-145.531	0.507484	18462.4	33309.1	403.889	304.64	0.038496	0.0107672	2	0.00154109	0	0	69406
24	0	5.68376e-08	0	0	-67.659	-296.308	-1.10608	36548.4	-7890.15	181.151	314.715	0.0362511	0.00602511	2	0.00154109	0	0	47245
14	0	7.07752e-08	0	3.0035e-13	-11.8349	-317.931	-0.81125	36196.1	-1737.18	-155.499	323.621	0.0200317	0.00496816	2	0.00154109	0	0	38454.5
4	1	2.30704e-07	0	3.00951e-10	358.959	119.229	0.13487	-10399.2	31283.8	30.1175	378.452	0.000602259	0.000980763	16	0.0123287	0	0	12775.5
6	1	2.01122e-07	0	3.0035e-10	-287.002	-289.452	0.0977238	22550.1	-22297.4	0.205415	406.707	0.00263446	0.00023984	16	0.0123287	0	0	15255.8
33	0	3.18392e-08	0	3.0035e-13	262.102	-236.881	0.0386139	22880.7	25271	109.031	353.043	0.00113307	0.00320005	16	0.0123287	0	0	89378.1
90	0	6.31074e-09	0	3.0035e-13	113.106	378.611	-2.3904	-30908.1	9287.85	-126.292	395.858	0.00242127	0.00719934	16	0.0123287	0	0	478281
154	0	6.15749e-09	0	3.0035e-13	-267.352	258.577	-3.02248	-23119.9	-23880	-129.496	372.023	0.000576053	0.00900987	16	0.0123287	0	0	477787
160	0	4.64806e-09	0	3.0035e-13	22.6058	-401.13	3.56635	31849.1	1983.11	159.232	400.116	0.00717677	0.0102085	16	0.0123287	0	0	650427
11	0	5.69923e-08	0	3.0035e-12	-92.433	406.353	0.735081	-30985.3	-9542.19	4.13371	446.271	0.0999106	0.00178305	16	0.0123287	0	0	56255.9
145	0	8.01468e-08	0	3.0035e-12	271.54	-400.2	0.0764304	23802.5	14782.4	17.1504	449.522	0.0858963	0.000626464	16	0.0123287	0	0	40352.8
179	0	1.40617e-08	0	3.0035e-12	349.166	-355.139	-1.60453	19554.6	20612.6	-34.7788	487.588	0.0408683	0.00348811	16	0.0123287	0	0	237662
174	0	1.57332e-07	0	6.007e-12	-461.252	14.5546	0.252123	-2844.14	-30097.5	3.7644	474.077	0.0680144	0.000553776	16	0.0123287	0	0	20988.9
38	0	2.57763e-09	0	3.0035e-12	-477.397	-170.299	0.270464	9259.27	-26666.5	154.037	498.425	0.0189226	0.0054785	16	0.0123287	0	0	1.31414e+06
74	0	4.19368e-08	0	3.0035e-12	484.615	-81.1312	0.420326	3810.08	27461.7	-72.2846	454.662	0.085406	0.00272217	16	0.0123287	0	0	77122.2
57	0	2.46141e-09	0	3.0035e-13	420.81	67.4033	-1.19466	-4740.86	30742.7	-263.031	427.777	0.00694073	0.00889287	16	0.0123287	0	0	1.27726e+06
28	0	2.80255e-09	0	3.0035e-12	-281.897	334.338	-1.7424	-23250.8	-19804.3	-305.742	434.283	0.00858681	0.0107926	16	0.0123287	0	0	1.12672e+06
17	0	3.03255e-09	0	3.0035e-13	-367.703	-201.755	-1.04068	15000.4	-27381.9	285.974	417.406	0.0048623	0.00949098	16	0.0123287	0	0	1.0279e+06
3	1	6.86458e-08	0	3.0035e-09	-105.656	506.571	1.86571	-27604	-5677.27	-108.075	517.648	0.00278902	0.0052709	32	0.0246574	0	0	50197.7
43	0	5.11631e-09	0	3.0035e-12	-560.186	-19.7939	-0.116109	994.593	-27012.4	-78.7692	558.781	0.00347254	0.00292172	32	0.0246574	0	0	702698
48	0	1.79994e-08	0	3.0035e-12	-110.41	-518.905	-0.469812	27217.1	-5751.11	-7.36036	530.119	0.001599	0.000924607	32	0.0246574	0	0	193290
88	0	1.55889e-09	0	3.0035e-12	-11.5016	547.671	1.81618	-27383.8	-557.271	-102.499	547.926	0.000681259	0.00500126	32	0.0246574	0	0	2.29033e+06
96	0	1.25803e-09	6.007e-12	6.007e-12	-49.2744	601.561	-0.83947	-26004.7	-2124.35	121.699	603.638	0.000235601	0.00486755	32	0.0246574	0	0	2.97862e+06
100	0	4.64471e-10	1.2014e-11	6.007e-12	608.396	235.736	1.48925	-9066.14	23399.9	-169.071	652.565	0.000142987	0.00711335	32	0.0246574	0	0	8.30083e+06
106	0	1.34009e-09	0	3.0035e-12	-73.989	-574.791	-1.46796	26406.2	-3390.96	127.573	579.427	0.000366692	0.00541937	32	0.0246574	0	0	2.7358e+06
107	0	5.71836e-09	0	3.0035e-12	-85.5354	536.703	2.17809	-27158	-4304.3	29.13	543.564	0.000877011	0.00414446	32	0.0246574	0	0	620017
117	0	6.27235e-10	6.007e-12	6.007e-12	3.95883	-621.665	2.42342	25705.6	168.542	134.268	621.633	0.000185706	0.00651798	32	0.0246574	0	0	6.03641e+06
129	0	2.517e-09	0	3.0035e-12	304.433	-442.96	-3.22583	22772.1	15687.3	44.039	537.693	0.00116207	0.00620764	32	0.0246574	0	0	1.39056e+06
143	0	7.47381e-10	6.007e-12	6.007e-12	382.148	455.081	1.89386	-20147.3	16906.1	-183.032	594.588	0.000675937	0.00765304	32	0.0246574	0	0	4.93469e+06
165	0	8.56586e-09	6.007e-12	6.007e-12	113.421	-617.407	-1.18626	25160.8	4626.82	8.55888	627.716	0.00018358	0.00191905	32	0.0246574	0	0	443659
181	0	7.97615e-09	0	3.0035e-12	208.662	520.767	1.3003	-25081.8	10142.9	60.1392	560.74	0.00323579	0.00320628	32	0.0246574	0	0	452805
198	0	6.272e-09	1.2014e-11	1.2014e-11	-182.562	-568.197	1.62335	24980.3	-8019.06	14.5819	596.721	0.000295713	0.0027764	32	0.0246574	0	0	590655
202	1	9.0191e-08	1.2014e-08	6.007e-09	827.735	-141.545	0.256054	3727.87	21802.9	6.97378	839.764	2.73986e-05	0.000438611	64	0.0493148	259850	0	48689.3
10	1	5.21509e-08	1.2014e-08	6.007e-09	487.778	485.197	-2.84864	-17233.4	17327.1	9.74561	688.068	0.000107063	0.00415963	64	0.0493148	0	0	76398.1
18	0	4.47134e-10	1.2014e-11	6.007e-12	510.902	-528.525	0.948949	16992.6	16426.9	107.496	734.682	0.000559332	0.00472789	64	0.0493148	0	0	9.17952e+06
20	0	3.95365e-10	1.2014e-11	6.007e-12	-726.404	82.9723	3.25572	-2690.84	-23552.1	82.7829	731.144	4.44917e-05	0.00565889	64	0.0493148	0	0	1.03622e+07
22	0	1.47486e-10	1.2014e-11	6.007e-12	705.817	-407.909	6.4197	11234.3	19436.5	20.587	815.259	6.965e-05	0.0079279	64	0.0493148	0	0	2.94593e+07
23	0	4.57696e-08	1.2014e-11	6.007e-12	-738.447	-53.7829	0.358286	1710.7	-23493.7	3.73412	740.367	5.16075e-05	0.000509208	64	0.0493148	0	0	90405.9
44	0	2.1128e-09	1.2014e-11	6.007e-12	-703.024	397.982	1.0199	-11110	-19624.8	29.8674	807.844	2.48514e-05	0.00182972	64	0.0493148	0	0	2.04675e+06
47	0	8.36895e-11	1.2014e-11	6.007e-12	271.922	998.993	-5.0588	-19220.8	5232.44	102.053	1035.36	7.31118e-06	0.00707953	64	0.0493148	0	0	5.86101e+07
63	0	7.88406e-11	1.2014e-11	6.007e-12	731.625	615.05	-4.41036	-13341.6	15868.6	-173.002	955.797	2.33306e-05	0.00953548	64	0.0493148	0	0	5.93271e+07
104	0	1.6947e-10	1.2014e-11	6.007e-12	695.879	405.329	4.67929	-11368.9	19517.2	101.991	805.36	3.33039e-05	0.00735869	64	0.0493148	0	0	2.53794e+07
112	0	1.56964e-09	1.2014e-11	6.007e-12	-922.258	236.725	-1.18733	-5164.65	-20120.2	10.3211	952.148	1.16095e-05	0.00134234	64	0.0493148	0	0	2.96851e+06
121	0	3.99065e-10	1.2014e-11	6.007e-12	656.3	-424.737	-2.26393	12454.7	19246.7	-80.2582	781.763	3.46341e-05	0.00454352	64	0.0493148	0	0	1.06741e+07
136	0	4.08528e-10	2.4028e-11	1.2014e-11	-445.681	-604.873	-4.50839	18826.6	-13868.7	-63.8962	751.299	0.000110352	0.00659357	64	0.0493148	0	0	1.01773e+07
140	0	5.22164e-10	1.2014e-11	6.007e-12	598.621	288.278	1.63127	-10790.5	22404.8	132.106	664.484	0.000100376	0.00585225	64	0.0493148	0	0	7.45711e+06
142	0	7.97181e-11	1.2014e-11	6.007e-12	-1024.65	74.5568	7.71447	-1451.67	-19944.7	-32.5892	1027.38	1.11248e-05	0.00768375	64	0.0493148	0	0	6.10657e+07
155	0	4.36112e-09	2.4028e-11	1.2014e-11	416.161	-571.192	1.41146	19485.9	14201.1	30.198	706.741	0.000135597	0.00235756	64	0.0493148	0	0	927536
168	0	1.51377e-09	1.2014e-11	6.007e-12	-559.988	442.573	0.633751	-14877.4	-18822.2	-64.1622	713.761	5.38362e-05	0.00281791	64	0.0493148	0	0	2.68088e+06
180	0	8.96883e-11	1.2014e-11	6.007e-12	-47.1271	-991.949	0.79447	20316.7	-964.918	148.256	993.062	1.1595e-05	0.00733272	64	0.0493148	0	0	5.35911e+07
188	0	1.61124e-10	1.2014e-11	6.007e-12	11.4294	-764.445	6.82167	23178.5	347.374	-2.46612	764.546	4.10807e-05	0.00892309	64	0.0493148	0	0	2.60933e+07
191	0	1.54913e-08	1.2014e-11	6.007e-12	-127.729	686.345	-0.295126	-23852.1	-4436.4	-4.30596	698.246	0.000195777	0.000458467	64	0.0493148	0	0	258459
203	1	3.0378e-08	1.2014e-08	6.007e-09	-1007.77	1150.55	-9.87015	-12328.9	-10798	123.818	1529.53	4.33561e-06	0.00993573	128	0.0986296	363422	0	194852
35	0	6.06195e-11	1.2014e-11	6.007e-12	-318.697	-1081.53	-4.7383	18310.1	-5394.94	-145.593	1127.52	5.97371e-06	0.00870829	128	0.0986296	0	0	8.39568e+07
51	0	6.49284e-11	1.2014e-11	6.007e-12	-1222.36	-608.756	6.09946	7732.4	-15526.6	-17.573	1365.57	3.12587e-06	0.00458008	128	0.0986296	0	0	8.67087e+07
68	0	4.21215e-11	1.2014e-11	6.007e-12	-1262.71	-712.103	-4.59247	8269.7	-14662.9	-151.471	1449.67	2.49714e-07	0.00953904	128	0.0986296	0	0	1.37768e+08
69	0	4.25201e-11	1.2014e-11	6.007e-12	-171.019	-1488.06	-12.3602	16453.2	-1891.23	37.6121	1497.9	4.93366e-06	0.0085586	128	0.0986296	0	0	1.3857e+08
76	0	5.76886e-11	1.2014e-11	6.007e-12	670.773	-893.517	9.04356	15335.2	11512.6	102.055	1117.32	3.43385e-05	0.00968696	128	0.0986296	0	0	8.77924e+07
79	0	1.38584e-10	1.2014e-11	6.007e-12	-1385.67	-308.108	0.563838	3692.61	-16607.1	-30.0056	1419.51	4.81484e-06	0.0018079	128	0.0986296	0	0	4.12268e+07
86	0	4.3135e-11	1.2014e-11	6.007e-12	-983.957	1322.65	-7.86478	-12666.3	-9423.1	-64.5763	1648.59	3.76622e-05	0.0062843	128	0.0986296	0	0	1.4364e+08
89	0	6.80669e-11	1.2014e-11	6.007e-12	-1190.83	-910.456	3.34385	10055.5	-13151.8	41.4443	1499.01	1.96034e-06	0.00335305	128	0.0986296	0	0	8.64341e+07
91	0	4.98491e-11	1.2014e-11	6.007e-12	635.388	-1128.24	-10.6357	15520.4	8740.87	-41.012	1294.9	4.27009e-06	0.00853023	128	0.0986296	0	0	1.0938e+08
131	0	8.33831e-11	1.2014e-11	6.007e-12	-888.88	891.877	3.47533	-12794	-12751.2	56.5536	1259.19	5.27443e-06	0.00417371	128	0.0986296	0	0	6.45324e+07
137	0	6.18191e-10	1.2014e-11	6.007e-12	1299.86	-134.836	-0.921177	1829.43	17636.3	9.01666	1306.83	2.36225e-06	0.000869177	128	0.0986296	0	0	8.86173e+06
138	0	7.03144e-11	1.2014e-11	6.007e-12	-565.021	1129.14	-2.65216	-16131.6	-8071.91	-83.8042	1262.6	3.07426e-05	0.00509859	128	0.0986296	0	0	7.69951e+07
152	0	4.47303e-11	1.2014e-11	6.007e-12	-1094.98	984.998	11.0812	-11169.8	-12417.1	21.6762	1472.87	3.08545e-06	0.00763479	128	0.0986296	0	0	1.301e+08
157	0	1.36509e-10	1.2014e-11	6.007e-12	-1067.31	183.39	-4.1589	-3298.56	-19196.4	-8.55793	1082.96	9.81233e-06	0.00386537	128	0.0986296	0	0	3.64324e+07
197	0	7.72417e-08	1.2014e-11	6.007e-12	946.877	546.915	-0.0318385	-9695.06	16785.1	2.8444	1093.48	3.63385e-06	0.000149601	128	0.0986296	0	0	64665.7
5	1	3.13916e-08	1.2014e-08	6.007e-09	-1057.04	1338.89	5.85666	-12180.6	-9616.6	58.041	1705.88	5.62845e-06	0.00507684	256	0.197259	0	0	199888
15	0	3.32075e-11	1.2014e-11	6.007e-12	112.715	-2268.72	8.89986	13431.7	666.813	-121.218	2271.53	2.29589e-06	0.00982822	256	0.197259	0	0	2.1767e+08
30	0	3.49853e-11	1.2014e-11	6.007e-12	-1327.29	2198.61	8.56126	-10828.1	-6536.7	-39.0513	2568.21	7.37927e-07	0.00454372	256	0.197259	0	0	2.20629e+08
53	0	3.27038e-11	1.2014e-11	6.007e-12	-120.181	-2561.69	-0.763221	12643	-593.118	-105.9	2564.51	1.25544e-06	0.00837209	256	0.197259	0	0	2.3399e+08
75	0	4.60068e-11	1.2014e-11	6.007e-12	-1031.43	-1465.66	-0.672239	12382	-8713.59	63.2304	1792.2	4.62928e-06	0.00419298	256	0.197259	0	0	1.40225e+08
80	0	1.18861e-10	1.2014e-11	6.007e-12	-1880.48	407.585	-1.23839	-3095.26	-14280.9	9.46867	1924.14	4.89444e-06	0.000913296	256	0.197259	0	0	5.59734e+07
83	0	8.12478e-11	1.2014e-11	6.007e-12	-440.451	-1643.49	3.86643	15008.7	-4025.83	21.9825	1701.49	0.000223471	0.00267647	256	0.197259	0	0	7.67165e+07
103	0	6.99536e-11	1.2014e-11	6.007e-12	-402.953	-1892.2	-0.353677	14253.2	-3035.28	23.2552	1934.62	4.86549e-06	0.00160623	256	0.197259	0	0	9.51694e+07
132	0	3.69863e-11	1.2014e-11	6.007e-12	-1756.53	350.136	-5.96122	-2960.25	-14852.9	-123.832	1791.09	4.14625e-06	0.00882776	256	0.197259	0	0	1.7464e+08
134	0	3.73143e-11	1.2014e-11	6.007e-12	-1295.36	-1394.82	-2.7566	10765	-9997.03	-103.586	1903.56	8.06336e-06	0.00719809	256	0.197259	0	0	1.78024e+08
135	0	3.4948e-11	1.2014e-11	6.007e-12	2116.38	-569.31	15.2336	3556.5	13221.7	23.3102	2191.68	5.70695e-06	0.00715622	256	0.197259	0	0	2.02609e+08
171	0	4.46561e-11	1.2014e-11	6.007e-12	-1005.72	-1987.43	5.38235	12118.2	-6132.15	8.03168	2227.41	5.15694e-06	0.00248773	256	0.197259	0	0	1.60757e+08
173	0	3.65077e-11	1.2014e-11	6.007e-12	-538.064	-2236.43	-9.12941	12993.8	-3126.05	-35.836	2300.26	7.60127e-07	0.00478977	256	0.197259	0	0	1.99872e+08
176	0	3.96409e-11	1.2014e-11	6.007e-12	-1469.47	-924.773	12.2657	8193.89	-13018.6	37.6408	1736.26	3.76989e-05	0.00747625	256	0.197259	0	0	1.59959e+08
184	0	3.76744e-11	1.2014e-11	6.007e-12	1172.34	1977.35	9.37737	-11499.7	6817.99	3.50696	2298.77	8.86377e-07	0.00408773	256	0.197259	0	0	1.93933e+08
13	0	3.21498e-11	1.2014e-11	6.007e-12	211.221	-2888.48	1.66635	11878.5	868.688	88.3301	2896.19	2.06335e-06	0.00743851	512	0.394518	0	0	2.54746e+08
16	0	3.1633e-11	1.2014e-11	6.007e-12	18.76	3286.82	5.63133	-11179.8	63.9281	-75.5157	3286.88	1.07836e-06	0.00696833	512	0.394518	0	0	2.74388e+08
36	0	3.39033e-11	1.2014e-11	6.007e-12	-187.555	-2924.76	-1.91149	11815.7	-757.729	47.3	2930.76	9.32966e-07	0.00404782	512	0.394518	0	0	2.41405e+08
45	0	3.11133e-11	1.2014e-11	6.007e-12	176.732	3725.51	-22.2298	-10483.6	497.075	-42.0397	3729.76	3.18559e-07	0.00718107	512	0.394518	0	0	2.99162e+08
54	0	3.22733e-11	1.2014e-11	6.007e-12	2340.82	-2163.6	-13.1675	7706.09	8337.05	39.2639	3187.59	3.34387e-07	0.00538751	512	0.394518	0	0	2.66854e+08
60	0	3.3669e-11	1.2014e-11	6.007e-12	-1946.5	-2590.52	7.89552	9002.21	-6764.19	24.2051	3240.34	5.62615e-06	0.0032493	512	0.394518	0	0	2.56242e+08
64	0	3.16856e-11	1.2014e-11	6.007e-12	-2053.1	2157.45	25.8333	-8508.33	-8096.64	-16.8277	2978.34	2.30594e-06	0.00879136	512	0.394518	0	0	2.61913e+08
82	0	3.1507e-11	1.2014e-11	6.007e-12	-349.475	3680.37	18.1014	-10494.7	-996.433	-24.5217	3696.97	1.38459e-06	0.00542076	512	0.394518	0	0	2.93836e+08
84	0	3.19543e-11	1.2014e-11	6.007e-12	-1359.99	2425.5	-6.41295	-10601.8	-5944.71	-107.946	2780.79	6.65934e-06	0.0091753	512	0.394518	0	0	2.5063e+08
85	0	3.188e-11	1.2014e-11	6.007e-12	-1415.59	2984.66	-11.5508	-10076.4	-4778.9	54.0497	3303.36	1.47134e-06	0.00597626	512	0.394518	0	0	2.72678e+08
139	0	3.2304e-11	1.2014e-11	6.007e-12	2575.98	1606.38	-9.7388	-6155.8	9871.05	-60.681	3035.83	2.32815e-07	0.00612367	512	0.394518	0	0	2.58929e+08
27	0	3.16267e-11	1.2014e-11	6.007e-12	-3928.2	1637.51	-14.0003	-3780.54	-9068.94	9.90745	4255.86	2.59703e-06	0.00344073	1024	0.789037	0	0	3.12124e+08
56	0	3.10904e-11	1.2014e-11	6.007e-12	3059.83	-3083.96	10.2027	6903.29	6849.43	41.0492	4344.35	9.63945e-07	0.00483043	1024	0.789037	0	0	3.22778e+08
159	0	9.10899e-11	1.2014e-11	6.007e-12	4169.64	910.981	0.258188	-2094.2	9585.32	-1.14369	4267.99	3.49989e-07	0.00013133	1024	0.789037	0	0	1.09004e+08
