#ID	Type	M	WM	SWM	x	y	z	xv	vy	vz	a	e	i	N	dt	init_time	formation_time	P
190	0	4.22576e-08	0	0	-21.5327	93.49	2.12372	-58009	-15632.9	-476.965	82.9461	0.161114	0.0232516	2	0.00154109	0	0	32728.5
61	0	6.53858e-08	0	0	111.591	12.9302	-0.298577	-1680.91	58287.4	-402.308	104.964	0.111215	0.00720281	2	0.00154109	0	0	23779.5
114	0	2.94687e-08	0	0	-59.46	86.0653	-0.610603	-44077.6	-43545.5	-371.163	102.308	0.175229	0.00920162	2	0.00154109	0	0	52406.3
127	1	1.56223e-06	0	0	19.3057	82.7788	0.0583753	-66967.8	15140.8	39.2521	82.9472	0.0256605	0.000896576	2	0.00154109	0	132291	892.318
123	0	3.91425e-08	0	0	-12.8933	116.549	1.24287	-61637	-6594.9	692.644	129.849	0.0969688	0.0153724	2	0.00154109	0	0	44089.5
58	0	4.08567e-08	0	0	-133.778	-57.4878	-1.26445	15333.2	-47533.1	868.361	130.519	0.148334	0.0202354	2	0.00154109	0	0	42292.4
42	0	2.62633e-08	0	0	32.0754	104.169	-1.14058	-62157.7	18249.8	160.812	122.942	0.114141	0.0107237	2	0.00154109	0	0	63824
183	0	4.52017e-08	0	0	-21.4185	-138.08	-0.170789	53933.7	-1438.91	-50.1181	138.348	0.12726	0.00163957	2	0.00154109	0	0	39522.8
98	0	8.15283e-09	0	0	113.632	86.1895	-1.51849	-30978.3	44990	288.122	147.933	0.0581663	0.0121091	2	0.00154109	0	0	227706
163	0	6.62181e-09	0	0	-112.084	-109.737	0.994507	34322.7	-36068.9	-1.86028	148.894	0.0553724	0.0063413	2	0.00154109	0	0	279944
195	0	4.75805e-08	0	0	128.316	36.1352	-3.62667	-22405.4	49260.2	-2849.09	127.394	0.157054	0.0634737	2	0.00154109	0	0	35987.5
201	1	1.54119e-07	0	0	-158.972	43.1363	0.373495	-11653.4	-47149.4	2.8516	156.24	0.0588045	0.00227012	2	0.00154109	34298.6	0	12274.9
102	0	2.62577e-07	0	0	117.449	-154.769	0.880126	38634.9	20997.1	182.487	178.964	0.172912	0.00572896	2	0.00154109	0	0	7763.92
119	0	8.42559e-08	0	0	-166.627	83.5758	0.610093	-22206.3	-41567.7	235.63	187.865	0.0268884	0.00590677	2	0.00154109	0	0	24610.3
93	0	1.31813e-07	0	0	190.113	84.72	0.735266	-17920.7	36303.1	196.176	177.95	0.174003	0.00611248	2	0.00154109	0	0	15451.1
92	0	1.49911e-08	0	0	201.161	29.6927	0.482406	-7160.49	43934.4	-201.343	199.492	0.0244487	0.00507645	2	0.00154109	0	0	142392
167	0	2.94205e-07	0	0	17.9285	189.706	-0.124991	-43295.4	2540.5	21.1196	168.984	0.132428	0.000803411	2	0.00154109	0	0	6692.03
118	0	2.48932e-08	0	0	-107.145	-179.368	-1.27533	36703.8	-24597.5	407.612	207.456	0.052356	0.011338	2	0.00154109	0	0	87970.1
70	0	9.61306e-09	0	0	167.185	-140.248	-1.78478	26612.5	32104	-138.703	202.744	0.0765895	0.00884725	2	0.00154109	0	0	225110
99	0	6.81048e-08	0	0	157.788	-159.526	0.811695	28348.6	30103.7	-87.5111	210.45	0.075065	0.00412836	2	0.00154109	0	0	32358.4
9	1	1.7834e-07	0	0	16.8576	-215.725	-0.261383	43426.6	29.323	-153.572	214.93	0.0775306	0.00365854	2	0.00154109	0	0	12559.7
25	0	3.59433e-09	0	0	-161.091	-137.116	-3.44036	26253.2	-36441.3	-174.484	220.11	0.0896037	0.0164649	2	0.00154109	0	0	628484
7	1	2.36328e-07	0	0	196.004	-104.219	-0.189203	17743.9	37158.4	37.3311	204.814	0.0942508	0.00121835	2	0.00154109	0	0	9197.87
29	0	9.88853e-08	0	0	-199.173	-74.3418	-0.0830795	13655.1	-43044.7	285.075	225.034	0.0744978	0.00635218	2	0.00154109	0	0	23174.4
21	0	6.06363e-08	0	0	-173.051	49.8216	-0.0288853	-11338	-45424.6	-177.163	173.28	0.0530381	0.00379559	2	0.00154109	0	0	33037.8
196	0	2.78328e-08	0	0	152.946	-52.5714	0.169633	18581.6	48201.7	630.97	170.358	0.062625	0.0122281	2	0.00154109	0	0	71087.7
50	0	1.94502e-08	0	0	-63.763	-217.701	1.01549	40759.9	-12171.8	-138.425	226.65	0.00532618	0.00554818	2	0.00154109	0	0	117407
41	0	6.00659e-08	0	0	-146.944	100.486	0.313457	-24986.5	-38819.5	216.064	165.362	0.0814223	0.00504814	2	0.00154109	0	0	32636
71	0	3.87099e-08	0	0	-228.372	5.99545	1.81007	-2988.87	-42775.7	249.658	233.705	0.0489808	0.00963497	2	0.00154109	0	0	60158.6
153	0	1.66032e-07	0	0	184.492	151.72	-0.237017	-26932.9	33308.2	43.103	255.946	0.0672468	0.00141909	2	0.00154109	0	0	14569.9
170	0	8.96569e-08	0	0	-22.6348	-257.874	0.325135	38953.1	-2855.49	61.281	249.189	0.0414028	0.00202405	2	0.00154109	0	0	26857.5
161	0	2.29888e-07	0	0	-59.2226	275.701	-0.146295	-36347.9	-7004.29	-23.5607	266.142	0.0632014	0.000812742	2	0.00154109	0	0	10799.3
148	0	5.91472e-09	0	0	93.372	260.891	2.63432	-35314.8	14113.4	-237.072	270.494	0.0438758	0.0115642	2	0.00154109	0	0	419934
66	0	2.64446e-08	0	0	-259.746	123.535	-0.498263	-16341.1	-34295.7	-23.1756	290.636	0.0103807	0.0018362	2	0.00154109	0	0	97856
144	0	2.02163e-08	0	0	-228.128	211.392	1.41522	-24334	-26154.4	-116.15	300.813	0.0339754	0.00559787	2	0.00154109	0	0	129519
46	0	1.80953e-08	0	0	298.839	8.57608	-0.0182267	-462.309	37395.3	183.168	304.362	0.0241098	0.00489978	2	0.00154109	0	0	146314
26	0	5.65913e-08	0	0	-283.207	-111.906	-0.42592	14857.6	-33531.4	-60.0089	303.593	0.0408889	0.0021973	2	0.00154109	0	0	46500.2
185	0	2.54232e-08	0	0	197.97	243.251	1.09744	-27286.6	23154.7	-69.2547	306.773	0.0303477	0.0040341	2	0.00154109	0	0	104909
24	0	4.03776e-08	0	0	207.32	245.786	1.68893	-27252.1	22791.1	45.2859	317.67	0.0129231	0.00541019	2	0.00154109	0	0	66785.3
4	1	2.22966e-07	0	3.00951e-10	368.587	-92.3939	0.0230739	7994.64	31892.1	20.1276	379.92	0.000187181	0.000615177	16	0.0123287	0	0	13268.4
6	1	1.80047e-07	0	3.0035e-10	406.32	34.0112	0.107425	-2654.04	31633.6	-24.1574	407.779	0.000214395	0.000805258	16	0.0123287	0	0	16950.2
14	0	6.36278e-08	0	3.0035e-13	92.4283	-311.48	-0.167501	34092.3	10025.6	18.8647	324.457	0.00281355	0.000740908	16	0.0123287	0	0	43044.7
33	0	2.55831e-08	0	3.0035e-13	-240.751	-258.423	-1.10907	24948.5	-23258.6	-37.0241	353.232	0.000367849	0.00332209	16	0.0123287	0	0	111109
90	0	3.56203e-09	0	3.0035e-13	30.9975	-394.722	-1.21255	32111.2	2517.68	231.654	395.884	0.000174165	0.00781711	16	0.0123287	0	0	847205
154	0	3.65376e-09	0	3.0035e-13	-198.765	314.414	3.17299	-28085	-17769.1	139.313	372	0.000333301	0.0095056	16	0.0123287	0	0	805252
160	0	2.55701e-09	0	3.0035e-13	-41.97	-398.402	-3.03065	31845.8	-3353.58	-109.571	400.566	0.000131823	0.00830293	16	0.0123287	0	0	1.1933e+06
3	1	5.92483e-08	0	3.0035e-09	58.0313	514.749	2.65338	-27985.8	3155.15	-28.9003	518.038	4.01593e-05	0.00522399	32	0.0246574	0	0	58068.6
11	0	3.9095e-08	0	3.0035e-12	-170.165	-424.607	0.027921	27829.5	-11147.3	-29.5812	457.73	0.000666912	0.000988603	32	0.0246574	0	0	83523.4
17	0	1.71874e-09	0	3.0035e-13	-394.267	138.136	-0.381749	-10372.9	-29592.8	-296.914	417.751	0.000154057	0.00951209	32	0.0246574	0	0	1.81059e+06
28	0	1.59978e-09	0	3.0035e-12	311.505	-302.408	-2.63466	21427.1	22070.6	190.869	434.134	5.7075e-05	0.00867907	32	0.0246574	0	0	1.97512e+06
38	0	1.34697e-09	0	3.0035e-12	329.247	-375.333	1.28842	21563	18916.6	158.17	499.239	8.42299e-05	0.00608811	32	0.0246574	0	0	2.50653e+06
43	0	3.03714e-09	0	3.0035e-12	-517.22	-206.072	0.00103827	10075.5	-25233.2	-99.0422	556.988	0.000856616	0.00364521	32	0.0246574	0	0	1.17768e+06
48	0	7.86247e-09	0	3.0035e-12	229.743	477.863	0.617451	-25087	12061.1	-27.7171	530.193	5.4466e-05	0.00153218	32	0.0246574	0	0	442319
57	0	1.34323e-09	0	3.0035e-13	390.897	-173.2	4.09485	12554.5	28342.6	28.4844	427.573	9.64038e-05	0.00962129	32	0.0246574	0	0	2.34268e+06
65	0	4.93712e-10	0	3.0035e-12	274.085	427.158	5.03856	-23947.6	15365.8	21.77	507.63	0.000147679	0.00995672	32	0.0246574	0	0	6.92612e+06
74	0	2.72073e-08	0	3.0035e-12	464.04	38.0014	-0.569469	-2405.79	29589.7	-18.5803	465.018	0.0013692	0.00137361	32	0.0246574	0	0	120363
88	0	8.31701e-10	0	3.0035e-12	-539.788	94.0804	-1.1554	-4702.09	-26976.1	-150.304	547.935	2.88084e-05	0.00587998	32	0.0246574	0	0	4.29263e+06
96	0	7.07523e-10	6.007e-12	6.007e-12	350.783	491.242	-2.76529	-21231.9	15160.6	55.5629	603.642	2.92175e-05	0.0050519	32	0.0246574	0	0	5.29604e+06
100	0	2.91586e-10	1.2014e-11	6.007e-12	148.742	635.382	-2.41848	-24431.1	5718.58	-148.927	652.571	1.09906e-05	0.00699738	32	0.0246574	0	0	1.32222e+07
106	0	7.5557e-10	0	3.0035e-12	473.095	-334.56	1.51836	15373.9	21741	128.898	579.436	1.3588e-05	0.00550448	32	0.0246574	0	0	4.85201e+06
107	0	3.36044e-09	0	3.0035e-12	534.865	97.008	-0.75486	-4906.67	27050.6	89.7646	543.592	2.38602e-05	0.00354811	32	0.0246574	0	0	1.05492e+06
117	0	3.76604e-10	6.007e-12	6.007e-12	-470.976	405.71	-3.99685	-16778.4	-19478.2	-45.4964	621.637	5.61051e-06	0.0066687	32	0.0246574	0	0	1.00535e+07
129	0	1.48873e-09	0	3.0035e-12	-312.132	-437.833	-0.615685	22508	-16045.4	-146.602	537.698	1.57424e-05	0.00542581	32	0.0246574	0	0	2.35093e+06
143	0	4.55519e-10	6.007e-12	6.007e-12	572.671	160.018	4.06926	-7086.3	25312.2	-40.5444	594.597	0.000505709	0.00701443	32	0.0246574	0	0	8.09609e+06
145	0	5.6743e-08	0	3.0035e-12	-195.361	418.147	-0.524116	-26994.8	-12660.6	-36.548	460.92	0.00198267	0.00167219	32	0.0246574	0	0	57418.4
165	0	4.75669e-09	6.007e-12	6.007e-12	624.614	-62.6212	-0.234064	2552.13	25455.6	47.7489	627.756	1.69865e-05	0.00190329	32	0.0246574	0	0	798801
174	0	1.26364e-07	0	3.0035e-12	-458.891	-164.078	0.323289	9773.61	-27339.7	9.466	487.304	9.74491e-05	0.000739142	32	0.0246574	0	0	26499.3
179	0	7.69345e-09	0	3.0035e-12	-277.559	407.57	0.976091	-23854	-16245.4	-26.8261	492.946	0.000324039	0.00218684	32	0.0246574	0	0	439915
181	0	4.14471e-09	0	3.0035e-12	46.8237	-556.158	-1.35756	27046.9	2270.87	-7.53027	558.553	0.00079495	0.00244805	32	0.0246574	0	0	868110
198	0	3.7057e-09	1.2014e-11	1.2014e-11	596.002	-29.4607	0.105342	1296.64	26207.7	-76.7735	596.75	5.54174e-05	0.00293116	32	0.0246574	0	0	999560
202	1	6.23063e-08	1.2014e-08	6.007e-09	-591.039	597.122	-0.0416385	-15716.6	-15556.4	-9.66967	840.17	3.52046e-06	0.00044007	64	0.0493148	259850	0	70400.5
10	1	4.64965e-08	1.2014e-08	6.007e-09	-671.255	152.4	1.49974	-5409.02	-23824.6	86.68	688.342	5.63675e-06	0.00416353	64	0.0493148	0	0	85617.8
18	0	2.7261e-10	1.2014e-11	6.007e-12	707.988	196.291	1.18524	-6317.66	22787.7	111.977	734.677	3.15095e-05	0.00500253	64	0.0493148	0	0	1.50564e+07
20	0	2.52723e-10	1.2014e-11	6.007e-12	730.015	-43.1605	-2.18377	1397.24	23660.9	-111.779	731.275	6.08755e-05	0.00558202	64	0.0493148	0	0	1.62048e+07
22	0	1.07207e-10	1.2014e-11	6.007e-12	373.968	724.421	1.50481	-19947.1	10297.7	-173.662	815.257	3.4006e-06	0.00795307	64	0.0493148	0	0	4.0528e+07
23	0	3.01437e-08	1.2014e-11	6.007e-12	-153.288	724.529	-0.0657833	-23043.8	-4875.29	11.5622	740.569	3.97261e-06	0.000498858	64	0.0493148	0	0	137179
44	0	1.16702e-09	1.2014e-11	6.007e-12	-447.466	-672.612	1.23644	18776.1	-12491.1	-21.5919	807.856	2.89484e-06	0.00180532	64	0.0493148	0	0	3.7053e+06
47	0	6.71428e-11	1.2014e-11	6.007e-12	319.419	984.836	-5.43736	-18948.4	6146.17	94.3592	1035.36	7.90057e-07	0.00707236	64	0.0493148	0	0	7.30545e+07
63	0	6.39432e-11	1.2014e-11	6.007e-12	-945.758	-138.089	-0.780055	2995.21	-20514.8	197.447	955.799	1.30843e-05	0.00955826	64	0.0493148	0	0	7.31489e+07
104	0	1.20433e-10	1.2014e-11	6.007e-12	-313.744	741.713	4.78478	-20802.1	-8798.57	-100.138	805.353	2.506e-06	0.00741317	64	0.0493148	0	0	3.57136e+07
112	0	8.79259e-10	1.2014e-11	6.007e-12	-932.181	193.996	-1.16171	-4232.35	-20336.8	11.2045	952.153	2.32681e-06	0.001334	64	0.0493148	0	0	5.29922e+06
121	0	2.52898e-10	1.2014e-11	6.007e-12	223.24	-749.218	0.272707	21969.9	6546.22	-103.92	781.767	3.66331e-06	0.00454653	64	0.0493148	0	0	1.68432e+07
136	0	2.90963e-10	2.4028e-11	1.2014e-11	-328.753	675.54	4.79799	-21027.5	-10231.7	-50.8262	751.289	4.37783e-05	0.00674609	64	0.0493148	0	0	1.42898e+07
140	0	3.15727e-10	1.2014e-11	6.007e-12	311.81	-586.79	-3.84837	21957.8	11667.3	47.3234	664.486	2.82878e-05	0.00609612	64	0.0493148	0	0	1.23328e+07
142	0	6.45281e-11	1.2014e-11	6.007e-12	48.8854	-1026.21	-2.41843	19974.5	951.871	-146.365	1027.37	8.84487e-07	0.0076884	64	0.0493148	0	0	7.54413e+07
155	0	2.55142e-09	2.4028e-11	1.2014e-11	705.618	-39.2359	1.39778	1338.5	24075	6.33803	706.752	6.10012e-05	0.00199527	64	0.0493148	0	0	1.58534e+06
168	0	8.27976e-10	1.2014e-11	6.007e-12	697.395	-151.939	-0.367701	5106.82	23442.5	68.0234	713.767	2.88278e-05	0.00288162	64	0.0493148	0	0	4.90118e+06
180	0	7.10295e-11	1.2014e-11	6.007e-12	-992.947	-13.2324	-7.19404	270.849	-20338.4	22.9583	993.06	1.18162e-06	0.00733178	64	0.0493148	0	0	6.76691e+07
188	0	1.15728e-10	1.2014e-11	6.007e-12	757.758	101.634	-0.214797	-3081.67	22974.9	-205.59	764.544	4.33943e-06	0.00887326	64	0.0493148	0	0	3.63291e+07
191	0	1.61988e-09	1.2014e-11	6.007e-12	-429.208	-550.865	0.105681	19133	-14906.5	-31.0643	698.269	0.000100918	0.00128967	64	0.0493148	0	0	2.47108e+06
203	1	3.01495e-08	1.2014e-08	6.007e-09	-1425.16	-555.67	7.46392	5953.85	-15268.3	141.728	1529.68	1.43347e-07	0.00992967	128	0.0986296	363422	0	196290
35	0	5.17905e-11	1.2014e-11	6.007e-12	-406.903	1051.5	8.72836	-17802.2	-6889.64	76.1447	1127.51	1.92018e-07	0.00870864	128	0.0986296	0	0	9.82701e+07
51	0	5.46928e-11	1.2014e-11	6.007e-12	-1069.97	848.476	3.83938	-10777.3	-13591	62.9988	1365.57	1.00983e-06	0.00459308	128	0.0986296	0	0	1.02937e+08
68	0	3.89026e-11	1.2014e-11	6.007e-12	-85.9935	1447.04	13.7451	-16805.2	-998.882	20.8501	1449.66	2.67959e-07	0.00956227	128	0.0986296	0	0	1.49169e+08
69	0	3.9202e-11	1.2014e-11	6.007e-12	1497.33	41.1063	4.35471	-454.87	16554.8	132.41	1497.9	7.8324e-07	0.00850726	128	0.0986296	0	0	1.50297e+08
76	0	4.97888e-11	1.2014e-11	6.007e-12	-884.703	-682.32	-6.89496	11710.4	-15185.1	143.373	1117.31	3.36851e-05	0.00969451	128	0.0986296	0	0	1.01724e+08
79	0	1.01555e-10	1.2014e-11	6.007e-12	1416.61	90.8094	-1.00235	-1088.32	16977.9	28.7107	1419.51	1.92468e-07	0.00182937	128	0.0986296	0	0	5.62585e+07
86	0	3.96444e-11	1.2014e-11	6.007e-12	-270.885	-1626.18	0.312173	15571.7	-2593.89	98.5544	1648.59	1.17704e-06	0.00624583	128	0.0986296	0	0	1.56288e+08
89	0	5.68303e-11	1.2014e-11	6.007e-12	-1089.38	-1029.68	3.95165	11372.2	-12031.4	33.8248	1499.01	1.71475e-06	0.00333524	128	0.0986296	0	0	1.03523e+08
91	0	4.4369e-11	1.2014e-11	6.007e-12	1279.22	200.67	-6.58457	-2759.82	17597.1	122.144	1294.88	3.26396e-07	0.00853699	128	0.0986296	0	0	1.22892e+08
131	0	6.69227e-11	1.2014e-11	6.007e-12	268.178	-1230.29	-0.769429	17648.8	3847.15	-74.6586	1259.18	4.74729e-07	0.00417807	128	0.0986296	0	0	8.04061e+07
137	0	3.72071e-10	1.2014e-11	6.007e-12	655.278	1130.67	0.225329	-15340.9	8890.78	15.2401	1306.83	3.72325e-07	0.000876641	128	0.0986296	0	0	1.47236e+07
138	0	5.83219e-11	1.2014e-11	6.007e-12	1258.78	-98.0382	6.38165	1400.62	17984.4	11.4418	1262.61	4.30852e-07	0.005094	128	0.0986296	0	0	9.28263e+07
152	0	4.07371e-11	1.2014e-11	6.007e-12	1413.56	-413.578	-11.0303	4690.18	16029.7	32.9073	1472.87	6.42208e-07	0.00774394	128	0.0986296	0	0	1.42853e+08
157	0	1.00274e-10	1.2014e-11	6.007e-12	1072.12	-154.834	3.64383	2783.54	19275.1	39.1469	1083.25	5.78163e-07	0.00391864	128	0.0986296	0	0	4.95709e+07
197	0	4.64579e-08	1.2014e-11	6.007e-12	-1074.11	-206.504	0.0850657	3659.12	-19032.6	-2.4477	1093.78	9.72534e-07	0.000148319	128	0.0986296	0	0	108682
5	1	3.10558e-08	1.2014e-08	6.007e-09	-135.222	-1700.66	0.0680792	15469.5	-1230	-79.0215	1706.03	3.24748e-07	0.00509225	256	0.197259	0	0	202014
15	0	3.24107e-11	1.2014e-11	6.007e-12	384.439	2238.73	-13.1561	-13254.3	2276.67	106.785	2271.54	2.25673e-08	0.00982814	256	0.197259	0	0	2.23021e+08
30	0	3.37257e-11	1.2014e-11	6.007e-12	1334.57	2194.2	10.9934	-10806.4	6572.61	19.3307	2568.21	2.12928e-08	0.00454523	256	0.197259	0	0	2.2887e+08
53	0	3.20361e-11	1.2014e-11	6.007e-12	-1093.15	-2319.84	7.5284	11449.3	-5395.42	-99.2332	2564.51	1.53521e-08	0.00837167	256	0.197259	0	0	2.38868e+08
75	0	4.16836e-11	1.2014e-11	6.007e-12	1120.01	-1399.11	6.93613	11820	9462.22	23.7985	1792.19	6.92141e-07	0.0041772	256	0.197259	0	0	1.5477e+08
80	0	8.9656e-11	1.2014e-11	6.007e-12	-1389.78	-1330.72	0.333135	10105.9	-10554.5	13.0386	1924.13	8.27174e-08	0.000908931	256	0.197259	0	0	7.42073e+07
83	0	6.55162e-11	1.2014e-11	6.007e-12	-608.482	1588.56	-1.59423	-14512.1	-5561.82	-18.4387	1701.2	0.000193799	0.00151206	256	0.197259	0	0	9.51707e+07
103	0	5.80877e-11	1.2014e-11	6.007e-12	-1841.35	593.423	-3.02529	-4470.08	-13870.4	-5.132	1934.62	9.77179e-08	0.00160293	256	0.197259	0	0	1.14611e+08
132	0	3.51899e-11	1.2014e-11	6.007e-12	1679.28	622.8	12.6934	-5267.01	14200	80.296	1791.09	2.08329e-06	0.00885067	256	0.197259	0	0	1.83555e+08
134	0	3.54321e-11	1.2014e-11	6.007e-12	1673.79	906.575	-1.71546	-6996.65	12917.9	105.011	1903.53	1.01721e-07	0.00720446	256	0.197259	0	0	1.87485e+08
135	0	3.36987e-11	1.2014e-11	6.007e-12	2058.96	-750.988	14.8467	4691.34	12862.7	31.5496	2191.7	3.52908e-08	0.00715534	256	0.197259	0	0	2.10117e+08
171	0	4.07154e-11	1.2014e-11	6.007e-12	2227.31	19.5796	-1.30095	-119.405	13580.8	-32.833	2227.4	3.20979e-08	0.00248705	256	0.197259	0	0	1.7632e+08
173	0	3.48451e-11	1.2014e-11	6.007e-12	875.064	2127.3	8.05963	-12359.7	5084	43.5765	2300.26	2.41976e-06	0.00478625	256	0.197259	0	0	2.09409e+08
176	0	3.71822e-11	1.2014e-11	6.007e-12	465.281	1672.74	-11.7679	-14819.6	4123.04	41.0222	1736.25	4.36073e-05	0.00728356	256	0.197259	0	0	1.7054e+08
184	0	3.56935e-11	1.2014e-11	6.007e-12	1139.04	1996.72	9.39937	-11612.3	6624.3	2.65286	2298.78	2.4505e-06	0.00409368	256	0.197259	0	0	2.04694e+08
13	0	3.16229e-11	1.2014e-11	6.007e-12	890.143	2756.01	6.53418	-11333.6	3660.77	-84.421	2896.2	1.32728e-08	0.00743842	512	0.394518	0	0	2.58989e+08
16	0	3.12364e-11	1.2014e-11	6.007e-12	-1389.06	2978.94	-4.40232	-10132.5	-4724.86	-76.4507	3286.88	2.42626e-08	0.00696799	512	0.394518	0	0	2.77873e+08
36	0	3.29268e-11	1.2014e-11	6.007e-12	193.48	2924.37	1.93705	-11814.1	781.668	-47.2827	2930.77	8.9444e-09	0.00404779	512	0.394518	0	0	2.48564e+08
45	0	3.08469e-11	1.2014e-11	6.007e-12	-3523.97	-1221.77	-5.60131	3437.85	-9916.21	73.7024	3729.76	8.81795e-09	0.00718114	512	0.394518	0	0	3.01746e+08
54	0	3.17151e-11	1.2014e-11	6.007e-12	3022.72	-1011.85	-7.48313	3603.93	10765.7	55.0531	3187.59	9.25138e-09	0.00538759	512	0.394518	0	0	2.71553e+08
60	0	3.27532e-11	1.2014e-11	6.007e-12	2709.43	1777.31	-5.06573	-6176.19	9415.23	-32.0749	3240.36	1.13553e-08	0.00324932	512	0.394518	0	0	2.63403e+08
64	0	3.12759e-11	1.2014e-11	6.007e-12	-520.279	2932.44	23.8921	-11564.4	-2052.12	42.2425	2978.33	1.522e-08	0.00879145	512	0.394518	0	0	2.65347e+08
82	0	3.11422e-11	1.2014e-11	6.007e-12	-3126.64	1972.75	4.25851	-5625.27	-8915.47	-55.8385	3696.98	1.20123e-08	0.00542062	512	0.394518	0	0	2.97278e+08
84	0	3.14768e-11	1.2014e-11	6.007e-12	-2254.78	1627.44	-16.2108	-7113.2	-9856.04	-86.1186	2780.81	1.23017e-08	0.00917512	512	0.394518	0	0	2.54427e+08
85	0	3.14213e-11	1.2014e-11	6.007e-12	-2146.43	2510.98	-6.9685	-8477.16	-7246.26	62.3616	3303.37	2.57701e-08	0.00597651	512	0.394518	0	0	2.76658e+08
139	0	3.1738e-11	1.2014e-11	6.007e-12	-2391.36	-1870.16	11.3591	7166.63	-9163.58	56.3913	3035.83	5.62597e-09	0.00612353	512	0.394518	0	0	2.63545e+08
27	0	3.12317e-11	1.2014e-11	6.007e-12	983.673	4140.63	-6.48073	-9559.29	2270.91	-30.3151	4255.88	7.49538e-08	0.00344071	1024	0.789037	0	0	3.16069e+08
56	0	3.08296e-11	1.2014e-11	6.007e-12	3311.43	-2812.07	11.7265	6294.69	7412.64	38.9558	4344.35	7.21312e-09	0.00483039	1024	0.789037	0	0	3.25508e+08
159	0	7.18982e-11	1.2014e-11	6.007e-12	-19.8138	-4267.95	0.432233	9811.32	-45.549	0.823221	4267.99	4.52055e-08	0.000131515	1024	0.789037	0	0	1.38101e+08
