#r [R_J]	sigma [M_J/R_J^2]	T [K]
1.0	3.89913787091507e-07	1000.4520136100001
1.4994994995	5.419681041351564e-07	1032.0216817300955
1.998998999	6.940224211788056e-07	1063.5913498501907
2.4984984985	8.46076738222455e-07	1095.1610179702861
2.997997998	9.981310552661044e-07	1126.7306860903814
3.4974974975	1.0144463562353058e-06	1158.3003542104766
3.996996997	1.0307616572045069e-06	1189.8700223305718
4.4964964965	9.963502237191607e-07	1221.439690450667
4.995995996	9.928500601916755e-07	1253.0093585707625
5.4954954955	9.893498966641902e-07	1284.5790266908577
5.99499499499	9.85849733136705e-07	1316.1486948109532
6.49449449449	9.823495696092198e-07	1347.7183629310484
6.99399399399	9.788494060817346e-07	1379.2880310511437
7.49349349349	9.753492425542494e-07	1410.857699171239
7.99299299299	9.718490790267641e-07	1442.4273672913343
8.49249249249	9.683489154992791e-07	1473.9970354114296
8.99199199199	9.648487519717937e-07	1505.566703531525
9.49149149149	9.613485884443087e-07	1537.1363716516203
9.99099099099	9.578484249168232e-07	1568.7060397717155
10.4904904905	9.543482613893382e-07	1600.275707891811
10.98998999	9.50848097861853e-07	1631.8453760119064
11.4894894895	9.473479343343677e-07	1663.4150441320014
11.988988989	9.438477708068826e-07	1694.9847122520966
12.4884884885	9.403476072793972e-07	1693.516875009758
12.987987988	9.36847443751912e-07	1692.0490377674193
13.4874874875	9.333472802244267e-07	1690.5812005250807
13.986986987	9.298471166969416e-07	1689.1133632827418
14.4864864865	9.263469531694563e-07	1687.6455260404032
14.985985986	9.228467896419711e-07	1686.1776887980645
15.4854854855	9.19346626114486e-07	1684.709851555726
15.984984985	9.158464625870008e-07	1683.2420143133872
16.4844844845	9.123462990595156e-07	1681.7741770710486
16.983983984	9.088461355320303e-07	1680.30633982871
17.4834834835	9.053459720045451e-07	1678.838502586371
17.982982983	9.018458084770599e-07	1677.3706653440324
18.4824824825	8.983456449495747e-07	1675.9028281016938
18.981981982	8.948454814220894e-07	1674.4349908593551
19.4814814815	8.913453178946042e-07	1672.9671536170165
19.980980981	8.87845154367119e-07	1671.4993163746778
20.4804804805	8.843449908396338e-07	1670.031479132339
20.97997998	8.808448273121486e-07	1668.5636418900003
21.4794794795	8.773446637846633e-07	1667.0958046476617
21.978978979	8.738445002571781e-07	1665.627967405323
22.4784784785	8.703443367296929e-07	1664.1601301629844
22.977977978	8.668441732022077e-07	1662.6922929206457
23.4774774775	8.633440096747224e-07	1661.224455678307
23.976976977	8.598438461472372e-07	1659.7566184359682
24.4764764765	8.56343682619752e-07	1658.2887811936296
24.975975976	8.528435190922668e-07	1656.820943951291
25.4754754755	8.493433555647816e-07	1655.3531067089523
25.974974975	8.458431920372963e-07	1653.8852694666134
26.4744744745	8.423430285098111e-07	1652.4174322242748
26.973973974	8.388428649823259e-07	1650.9495949819361
27.4734734735	8.353427014548407e-07	1649.4817577395975
27.972972973	8.318425379273554e-07	1648.0139204972588
28.4724724725	8.283423743998702e-07	1646.5460832549202
28.971971972	8.24842210872385e-07	1645.0782460125815
29.4714714715	8.213420473448998e-07	1643.6104087702427
29.970970971	8.178418838174147e-07	1642.142571527904
30.4704704705	8.143417202899293e-07	1640.6747342855654
30.96996997	8.108415567624441e-07	1639.2068970432267
31.4694694695	8.073413932349589e-07	1637.739059800888
31.968968969	8.038412297074737e-07	1636.2712225585492
32.4684684685	8.003410661799884e-07	1634.8033853162106
32.967967968	7.968409026525032e-07	1633.335548073872
33.4674674675	7.933407391250181e-07	1631.8677108315333
33.966966967	7.898405755975329e-07	1630.3998735891946
34.4664664665	7.863404120700477e-07	1628.932036346856
34.965965966	7.828402485425623e-07	1627.4641991045173
35.4654654655	7.793400850150772e-07	1625.9963618621784
35.964964965	7.758399214875919e-07	1624.5285246198398
36.4644644645	7.723397579601067e-07	1623.0606873775012
36.963963964	7.688395944326216e-07	1621.5928501351625
37.4634634635	7.653394309051363e-07	1620.1250128928239
37.962962963	7.618392673776511e-07	1618.657175650485
38.4624624625	7.583391038501659e-07	1617.1893384081463
38.961961962	7.548389403226807e-07	1615.7215011658077
39.4614614615	7.513387767951955e-07	1614.253663923469
39.960960961	7.478386132677102e-07	1612.7858266811304
40.4604604605	7.44338449740225e-07	1611.3179894387918
40.95995996	7.408382862127399e-07	1609.850152196453
41.4594594595	7.373381226852546e-07	1608.3823149541142
41.958958959	7.338379591577694e-07	1606.9144777117756
42.4584584585	7.303377956302841e-07	1605.446640469437
42.957957958	7.26837632102799e-07	1603.9788032270983
43.4574574575	7.233374685753138e-07	1602.5109659847594
43.956956957	7.198373050478285e-07	1601.0431287424208
44.4564564565	7.163371415203433e-07	1599.5752915000821
44.955955956	7.128369779928581e-07	1598.1074542577435
45.4554554555	7.093368144653729e-07	1596.6396170154048
45.954954955	7.058366509378877e-07	1595.1717797730662
46.4544544545	7.023364874104024e-07	1593.7039425307275
46.953953954	6.988363238829171e-07	1592.2361052883887
47.4534534535	6.95336160355432e-07	1590.76826804605
47.952952953	6.918359968279468e-07	1589.3004308037114
48.4524524525	6.883358333004615e-07	1587.8325935613727
48.951951952	6.848356697729763e-07	1586.364756319034
49.4514514515	6.813355062454911e-07	1584.8969190766954
49.950950951	6.778353427180059e-07	1583.4290818343566
50.4504504505	6.743351791905207e-07	1581.961244592018
50.9499499499	6.708350156630354e-07	1580.4934073496793
51.4494494494	6.673348521355502e-07	1579.0255701073406
51.9489489489	6.63834688608065e-07	1577.557732865002
52.4484484484	6.603345250805798e-07	1576.0898956226633
52.9479479479	6.568343615530945e-07	1574.6220583803247
53.4474474474	6.533341980256093e-07	1573.1542211379858
53.9469469469	6.498340344981241e-07	1571.6863838956472
54.4464464464	6.463338709706389e-07	1570.2185466533085
54.9459459459	6.428337074431537e-07	1568.7507094109699
55.4454454454	6.393335439156684e-07	1567.282872168631
55.9449449449	6.358333803881832e-07	1565.8150349262924
56.4444444444	6.32333216860698e-07	1564.3471976839537
56.9439439439	6.288330533332128e-07	1562.879360441615
57.4434434434	6.253328898057276e-07	1561.4115231992764
57.9429429429	6.218327262782423e-07	1559.9436859569378
58.4424424424	6.183325627507572e-07	1558.4758487145991
58.9419419419	6.148323992232719e-07	1557.0080114722603
59.4414414414	6.113322356957868e-07	1555.5401742299216
59.9409409409	6.078320721683015e-07	1554.072336987583
60.4404404404	6.043319086408162e-07	1552.6044997452443
60.9399399399	6.008317451133311e-07	1551.1366625029057
61.4394394394	5.973315815858458e-07	1549.6688252605668
61.9389389389	5.938314180583606e-07	1548.2009880182281
62.4384384384	5.903312545308754e-07	1546.7331507758895
62.9379379379	5.868310910033902e-07	1545.2653135335509
63.4374374374	5.833309274759051e-07	1543.7974762912122
63.9369369369	5.798307639484198e-07	1542.3296390488736
64.4364364364	5.763306004209345e-07	1540.861801806535
64.9359359359	5.728304368934494e-07	1539.393964564196
65.4354354354	5.693302733659641e-07	1537.9261273218574
65.9349349349	5.658301098384789e-07	1536.4582900795187
66.4344344344	5.623299463109936e-07	1534.99045283718
66.9339339339	5.588297827835085e-07	1533.5226155948415
67.4334334334	5.553296192560232e-07	1532.0547783525026
67.9329329329	5.518294557285381e-07	1530.586941110164
68.4324324324	5.483292922010529e-07	1529.1191038678253
68.9319319319	5.448291286735675e-07	1527.6512666254866
69.4314314314	5.413289651460824e-07	1526.183429383148
69.9309309309	5.378288016185972e-07	1524.7155921408093
70.4304304304	5.34328638091112e-07	1523.2477548984707
70.9299299299	5.308284745636268e-07	1521.7799176561318
71.4294294294	5.273283110361415e-07	1520.3120804137932
71.9289289289	5.238281475086563e-07	1518.8442431714545
72.4284284284	5.203279839811711e-07	1517.376405929116
72.9279279279	5.168278204536859e-07	1515.908568686777
73.4274274274	5.133276569262006e-07	1514.4407314444384
73.9269269269	5.098274933987154e-07	1512.9728942020997
74.4264264264	5.063273298712302e-07	1511.505056959761
74.9259259259	5.02827166343745e-07	1510.0372197174224
75.4254254254	4.993270028162598e-07	1508.5693824750838
75.9249249249	4.958268392887745e-07	1507.1015452327451
76.4244244244	4.923266757612893e-07	1505.6337079904065
76.9239239239	4.888265122338041e-07	1504.1658707480676
77.4234234234	4.853263487063189e-07	1502.698033505729
77.9229229229	4.818261851788336e-07	1501.2301962633903
78.4224224224	4.783260216513484e-07	1499.7623590210517
78.9219219219	4.748258581238632e-07	1498.294521778713
79.4214214214	4.7132569459637803e-07	1496.8266845363742
79.9209209209	4.678255310688928e-07	1495.3588472940355
80.4204204204	4.643253675414076e-07	1493.8910100516969
80.9199199199	4.6082520401392236e-07	1492.4231728093582
81.4194194194	4.5732504048643714e-07	1490.9553355670196
81.9189189189	4.538248769589519e-07	1489.487498324681
82.4184184184	4.5032471343146675e-07	1488.0196610823423
82.9179179179	4.4682454990398147e-07	1486.5518238400034
83.4174174174	4.4332438637649625e-07	1485.0839865976648
83.9169169169	4.3982422284901103e-07	1483.6161493553261
84.4164164164	4.3632405932152586e-07	1482.1483121129875
84.9159159159	4.3282389579404064e-07	1480.6804748706486
85.4154154154	4.2932373226655536e-07	1479.21263762831
85.9149149149	4.258235687390702e-07	1477.7448003859713
86.4144144144	4.223234052115849e-07	1476.2769631436327
86.9139139139	4.1882324168409975e-07	1474.809125901294
87.4134134134	4.153230781566145e-07	1473.3412886589554
87.9129129129	4.118229146291293e-07	1471.8734514166167
88.4124124124	4.083227511016441e-07	1470.4056141742778
88.9119119119	4.048225875741589e-07	1468.9377769319392
89.4114114114	4.0132242404667363e-07	1467.4699396896006
89.9109109109	3.978222605191884e-07	1466.002102447262
90.4104104104	3.943220969917032e-07	1464.5342652049233
90.9099099099	3.90821933464218e-07	1463.0664279625844
91.4094094094	3.873217699367328e-07	1461.5985907202457
91.9089089089	3.838216064092475e-07	1460.130753477907
92.4084084084	3.8032144288176235e-07	1458.6629162355684
92.9079079079	3.768212793542771e-07	1457.1950789932298
93.4074074074	3.7332111582679196e-07	1455.7272417508912
93.9069069069	3.698209522993067e-07	1454.2594045085525
94.4064064064	3.663207887718214e-07	1452.7915672662139
94.9059059059	3.6282062524433624e-07	1451.323730023875
95.4054054054	3.59320461716851e-07	1449.8558927815363
95.9049049049	3.558202981893658e-07	1448.3880555391977
96.4044044044	3.523201346618806e-07	1446.920218296859
96.9039039039	3.4881997113439535e-07	1445.4523810545202
97.4034034034	3.453198076069102e-07	1443.9845438121815
97.9029029029	3.4181964407942496e-07	1442.5167065698429
98.4024024024	3.3831948055193974e-07	1441.0488693275042
98.9019019019	3.348193170244545e-07	1439.5810320851656
99.4014014014	3.3131915349696924e-07	1438.113194842827
99.9009009009	3.278189899694841e-07	1436.6453576004883
100.4004004	3.2431882644199885e-07	1435.1775203581496
100.8998999	3.208186629145136e-07	1433.7096831158108
101.399399399	3.173184993870284e-07	1432.2418458734721
101.898898899	3.138183358595432e-07	1430.7740086311335
102.398398398	3.10318172332058e-07	1429.3061713887948
102.897897898	3.0681800880457274e-07	1427.838334146456
103.397397397	3.033178452770875e-07	1426.3704969041173
103.896896897	2.9981768174960235e-07	1424.9026596617787
104.396396396	2.963175182221171e-07	1423.43482241944
104.895895896	2.928173546946319e-07	1421.9669851771014
105.395395395	2.893171911671467e-07	1420.4991479347627
105.894894895	2.858170276396614e-07	1419.031310692424
106.394394394	2.8231686411217624e-07	1417.5634734500854
106.893893894	2.7881670058469107e-07	1416.0956362077466
107.393393393	2.753165370572058e-07	1414.627798965408
107.892892893	2.7181637352972057e-07	1413.1599617230693
108.392392392	2.6831621000223535e-07	1411.6921244807306
108.891891892	2.648160464747502e-07	1410.2242872383918
109.391391391	2.613158829472649e-07	1408.756449996053
109.890890891	2.578157194197797e-07	1407.2886127537145
110.39039039	2.5431555589229446e-07	1405.8207755113758
110.88988989	2.508153923648093e-07	1404.3529382690372
111.389389389	2.473152288373241e-07	1402.8851010266985
111.888888889	2.438150653098388e-07	1401.4172637843599
112.388388388	2.4031490178235357e-07	1399.949426542021
112.887887888	2.368147382548684e-07	1398.4815892996824
113.387387387	2.3331457472738323e-07	1397.0137520573437
113.886886887	2.2981441119989795e-07	1395.545914815005
114.386386386	2.2631424767241273e-07	1394.0780775726664
114.885885886	2.228140841449275e-07	1392.6102403303275
115.385385385	2.1931392061744234e-07	1391.142403087989
115.884884885	2.1581375708995706e-07	1389.6745658456502
116.384384384	2.123135935624719e-07	1388.2067286033116
116.883883884	2.0881343003498662e-07	1386.738891360973
117.383383383	2.053132665075014e-07	1385.2710541186343
117.882882883	2.0181310298001628e-07	1383.8032168762957
118.382382382	1.9831293945253095e-07	1382.3353796339568
118.881881882	1.9481277592504578e-07	1380.8675423916181
119.381381381	1.9131261239756056e-07	1379.3997051492795
119.880880881	1.878124488700754e-07	1377.9318679069409
120.38038038	1.8431228534259012e-07	1376.464030664602
120.87987988	1.808121218151049e-07	1374.9961934222633
121.379379379	1.7731195828761967e-07	1373.5283561799247
121.878878879	1.738117947601345e-07	1372.060518937586
122.378378378	1.7031163123264928e-07	1370.5926816952474
122.877877878	1.6681146770516406e-07	1369.1248444529087
123.377377377	1.6331130417767878e-07	1367.65700721057
123.876876877	1.5981114065019356e-07	1366.1891699682312
124.376376376	1.5631097712270844e-07	1364.7213327258926
124.875875876	1.5281081359522312e-07	1363.253495483554
125.375375375	1.4931065006773795e-07	1361.7856582412153
125.874874875	1.4581048654025272e-07	1360.3178209988766
126.374374374	1.423103230127675e-07	1358.8499837565378
126.873873874	1.3881015948528228e-07	1357.3821465141991
127.373373373	1.3530999595779706e-07	1355.9143092718605
127.872872873	1.3180983243031183e-07	1354.4464720295218
128.372372372	1.283096689028266e-07	1352.9786347871832
128.871871872	1.2480950537534144e-07	1351.5107975448445
129.371371371	1.2130934184785627e-07	1350.042960302506
129.870870871	1.17809178320371e-07	1348.575123060167
130.37037037	1.1430901479288572e-07	1347.1072858178284
130.86986987	1.1080885126540055e-07	1345.6394485754897
131.369369369	1.0730868773791528e-07	1344.171611333151
131.868868869	1.0380852421043011e-07	1342.7037740908122
132.368368368	1.0030836068294489e-07	1341.2359368484736
132.867867868	9.680819715545966e-08	1339.768099606135
133.367367367	9.330803362797455e-08	1338.3002623637963
133.866866867	8.980787010048922e-08	1336.8324251214576
134.366366366	8.630770657300405e-08	1335.364587879119
134.865865866	8.280754304551872e-08	1333.8967506367803
135.365365365	7.930737951803355e-08	1332.4289133944417
135.864864865	7.580721599054838e-08	1330.9610761521028
136.364364364	7.230705246306316e-08	1329.4932389097642
136.863863864	6.880688893557789e-08	1328.0254016674255
137.363363363	6.530672540809272e-08	1326.5575644250869
137.862862863	6.18065618806075e-08	1325.089727182748
138.362362362	5.830639835312227e-08	1323.6218899404093
138.861861862	5.48062348256371e-08	1322.1540526980707
139.361361361	5.130607129815183e-08	1320.686215455732
139.860860861	4.7805907770666606e-08	1319.2183782133934
140.36036036	4.430574424318133e-08	1317.7505409710548
140.85985986	4.080558071569616e-08	1316.2827037287161
141.359359359	3.730541718821099e-08	1314.8148664863775
141.858858859	3.380525366072577e-08	1313.3470292440386
142.358358358	3.03050901332406e-08	1311.8791920017
142.857857858	2.680492660575543e-08	1310.4113547593613
143.357357357	2.330476307827005e-08	1308.9435175170227
143.856856857	1.98045995507848e-08	1307.4756802746838
144.356356356	1.8006878836560713e-08	1306.0078430323451
144.855855856	1.798303178168685e-08	1304.5400057900065
145.355355355	1.7959184726812987e-08	1303.0721685476678
145.854854855	1.793533767193912e-08	1301.6043313053292
146.354354354	1.7911490617065254e-08	1300.1364940629906
146.853853854	1.788764356219139e-08	1298.668656820652
147.353353353	1.7863796507317528e-08	1297.2008195783133
147.852852853	1.783994945244366e-08	1295.7329823359744
148.352352352	1.7816102397569795e-08	1294.2651450936357
148.851851852	1.7792255342695928e-08	1292.797307851297
149.351351351	1.7768408287822065e-08	1291.3294706089584
149.850850851	1.7744561232948202e-08	1289.8616333666198
150.35035035	1.7720714178074336e-08	1288.393796124281
150.84984985	1.769686712320047e-08	1286.9259588819423
151.349349349	1.7673020068326606e-08	1285.4581216396036
151.848848849	1.7649173013452743e-08	1283.990284397265
152.348348348	1.7625325958578877e-08	1282.5224471549263
152.847847848	1.760147890370501e-08	1281.0546099125877
153.347347347	1.7577631848831147e-08	1279.5867726702488
153.846846847	1.7553784793957284e-08	1278.1189354279102
154.346346346	1.7529937739083418e-08	1276.6510981855715
154.845845846	1.750609068420955e-08	1275.1832609432329
155.345345345	1.7482243629335685e-08	1273.7154237008942
155.844844845	1.745839657446182e-08	1272.2475864585554
156.344344344	1.743454951958796e-08	1270.7797492162167
156.843843844	1.7410702464714092e-08	1269.311911973878
157.343343343	1.738596901896236e-08	1267.8440747315394
157.842842843	1.736034430070262e-08	1266.3762374892008
158.342342342	1.7334719582442886e-08	1264.9084002468621
158.841841842	1.7309094864183147e-08	1263.4405630045235
159.341341341	1.728347014592341e-08	1261.9727257621848
159.840840841	1.7257845427663674e-08	1260.504888519846
160.34034034	1.7232220709403936e-08	1259.0370512775073
160.83983984	1.7206595991144198e-08	1257.5692140351687
161.339339339	1.7180971272884463e-08	1256.10137679283
161.838838839	1.7155346554624728e-08	1254.6335395504912
162.338338338	1.7129721836364986e-08	1253.1657023081525
162.837837838	1.710409711810525e-08	1251.6978650658139
163.337337337	1.7078472399845517e-08	1250.2300278234752
163.836836837	1.7052847681585778e-08	1248.7621905811366
164.336336336	1.702722296332604e-08	1247.294353338798
164.835835836	1.7001598245066302e-08	1245.8265160964593
165.335335335	1.6975973526806564e-08	1244.3586788541204
165.834834835	1.695034880854683e-08	1242.8908416117818
166.334334334	1.692472409028709e-08	1241.423004369443
166.833833834	1.6899099372027352e-08	1239.9551671271045
167.333333333	1.6873474653767617e-08	1238.4873298847658
167.832832833	1.6847849935507882e-08	1237.019492642427
168.332332332	1.6822225217248144e-08	1235.5516554000883
168.831831832	1.6796600498988406e-08	1234.0838181577496
169.331331331	1.677097578072867e-08	1232.615980915411
169.830830831	1.6745351062468933e-08	1231.1481436730724
170.33033033	1.6719726344209195e-08	1229.6803064307337
170.82982983	1.669410162594946e-08	1228.212469188395
171.329329329	1.666847690768972e-08	1226.7446319460562
171.828828829	1.6642852189429983e-08	1225.2767947037175
172.328328328	1.6617227471170248e-08	1223.808957461379
172.827827828	1.659160275291051e-08	1222.3411202190402
173.327327327	1.6565978034650772e-08	1220.8732829767014
173.826826827	1.6540353316391037e-08	1219.4054457343627
174.326326326	1.6514728598131302e-08	1217.937608492024
174.825825826	1.648910387987156e-08	1216.4697712496854
175.325325325	1.6463479161611825e-08	1215.0019340073468
175.824824825	1.643785444335209e-08	1213.5340967650081
176.324324324	1.6412229725092352e-08	1212.0662595226695
176.823823824	1.6386605006832614e-08	1210.5984222803309
177.323323323	1.636098028857288e-08	1209.130585037992
177.822822823	1.633535557031314e-08	1207.6627477956533
178.322322322	1.6309730852053403e-08	1206.1949105533147
178.821821822	1.6284106133793668e-08	1204.727073310976
179.321321321	1.6258481415533926e-08	1203.2592360686374
179.820820821	1.623285669727419e-08	1201.7913988262985
180.32032032	1.6207231979014456e-08	1200.3235615839599
180.81981982	1.6181607260754718e-08	1198.8557243416212
181.319319319	1.615598254249498e-08	1197.3878870992826
181.818818819	1.6130357824235245e-08	1195.920049856944
182.318318318	1.6104733105975507e-08	1194.4522126146053
182.817817818	1.607910838771577e-08	1192.9843753722664
183.317317317	1.6053483669456033e-08	1191.516538129928
183.816816817	1.6027858951196295e-08	1190.0487008875891
184.316316316	1.6002234232936557e-08	1188.5808636452505
184.815815816	1.5976609514676822e-08	1187.1130264029116
185.315315315	1.5950984796417084e-08	1185.645189160573
185.814814815	1.5925360078157346e-08	1184.1773519182343
186.314314314	1.589973535989761e-08	1182.7095146758957
186.813813814	1.5874110641637876e-08	1181.241677433557
187.313313313	1.5848485923378138e-08	1179.7738401912184
187.812812813	1.58228612051184e-08	1178.3060029488797
188.312312312	1.5797236486858664e-08	1176.838165706541
188.811811812	1.5771611768598926e-08	1175.3703284642022
189.311311311	1.5745987050339188e-08	1173.9024912218636
189.810810811	1.5720362332079453e-08	1172.434653979525
190.31031031	1.5694737613819715e-08	1170.9668167371863
190.80980981	1.5669112895559977e-08	1169.4989794948476
191.309309309	1.564348817730024e-08	1168.0311422525087
191.808808809	1.5617863459040503e-08	1166.56330501017
192.308308308	1.5592238740780765e-08	1165.0954677678315
192.807807808	1.556661402252103e-08	1163.6276305254928
193.307307307	1.5540989304261292e-08	1162.1597932831542
193.806806807	1.5515364586001554e-08	1160.6919560408155
194.306306306	1.548973986774182e-08	1159.2241187984769
194.805805806	1.546411514948208e-08	1157.756281556138
195.305305305	1.5438490431222342e-08	1156.2884443137996
195.804804805	1.5412865712962607e-08	1154.8206070714607
196.304304304	1.538724099470287e-08	1153.3527698291218
196.803803804	1.536161627644313e-08	1151.8849325867832
197.303303303	1.5335991558183396e-08	1150.4170953444445
197.802802803	1.5310366839923658e-08	1148.949258102106
198.302302302	1.528474212166392e-08	1147.4814208597672
198.801801802	1.5259117403404185e-08	1146.0135836174286
199.301301301	1.5233015064598455e-08	1144.54574637509
199.800800801	1.5206440297887543e-08	1143.0779091327513
200.3003003	1.517986553117664e-08	1141.6100718904124
200.7997998	1.5153290764465727e-08	1140.1422346480738
201.299299299	1.5126715997754823e-08	1138.6743974057351
201.798798799	1.510014123104391e-08	1137.2065601633965
202.298298298	1.5073566464333007e-08	1135.7387229210578
202.797797798	1.50469916976221e-08	1134.270885678719
203.297297297	1.502041693091119e-08	1132.8030484363803
203.796796797	1.4993842164200283e-08	1131.3352111940417
204.296296296	1.4967267397489375e-08	1129.867373951703
204.795795796	1.4940692630778467e-08	1128.3995367093644
205.295295295	1.491411786406756e-08	1126.9316994670257
205.794794795	1.488754309735665e-08	1125.463862224687
206.294294294	1.4860968330645744e-08	1123.9960249823484
206.793793794	1.4834393563934836e-08	1122.5281877400098
207.293293293	1.480781879722393e-08	1121.060350497671
207.792792793	1.4781244030513022e-08	1119.5925132553323
208.292292292	1.4754669263802114e-08	1118.1246760129936
208.791791792	1.4728094497091206e-08	1116.6568387706548
209.291291291	1.4701519730380298e-08	1115.189001528316
209.790790791	1.467494496366939e-08	1113.7211642859775
210.29029029	1.4648370196958482e-08	1112.2533270436388
210.78978979	1.4621795430247574e-08	1110.7854898013002
211.289289289	1.4595220663536666e-08	1109.3176525589615
211.788788789	1.4568645896825758e-08	1107.8498153166229
212.288288288	1.454207113011485e-08	1106.381978074284
212.787787788	1.4515496363403944e-08	1104.9141408319454
213.287287287	1.4488921596693036e-08	1103.4463035896067
213.786786787	1.446234682998213e-08	1101.978466347268
214.286286286	1.4435772063271222e-08	1100.5106291049292
214.785785786	1.4409197296560314e-08	1099.0427918625905
215.285285285	1.4382622529849406e-08	1097.574954620252
215.784784785	1.4356047763138498e-08	1096.1071173779133
216.284284284	1.432947299642759e-08	1094.6392801355746
216.783783784	1.4302898229716682e-08	1093.171442893236
217.283283283	1.4276323463005774e-08	1091.7036056508973
217.782782783	1.4249748696294866e-08	1090.2357684085587
218.282282282	1.4223173929583958e-08	1088.76793116622
218.781781782	1.419741025222019e-08	1087.3000939238811
219.281281281	1.4172488184312041e-08	1085.8322566815425
219.780780781	1.4147566116403893e-08	1084.3644194392039
220.28028028	1.4122644048495746e-08	1082.8965821968652
220.77977978	1.4097721980587595e-08	1081.4287449545266
221.279279279	1.4072799912679448e-08	1079.9609077121877
221.778778779	1.40478778447713e-08	1078.493070469849
222.278278278	1.4022955776863151e-08	1077.0252332275104
222.777777778	1.3998033708955003e-08	1075.5573959851718
223.277277277	1.3973111641046854e-08	1074.089558742833
223.776776777	1.3948189573138705e-08	1072.6217215004945
224.276276276	1.3923267505230557e-08	1071.1538842581558
224.775775776	1.3898345437322408e-08	1069.6860470158172
225.275275275	1.387342336941426e-08	1068.2182097734783
225.774774775	1.3848501301506113e-08	1066.7503725311394
226.274274274	1.3823579233597962e-08	1065.2825352888008
226.773773774	1.3798657165689815e-08	1063.8146980464621
227.273273273	1.3773735097781665e-08	1062.3468608041235
227.772772773	1.3748813029873518e-08	1060.8790235617848
228.272272272	1.372389096196537e-08	1059.4111863194462
228.771771772	1.3698968894057221e-08	1057.9433490771075
229.271271271	1.3674046826149074e-08	1056.475511834769
229.770770771	1.3649124758240924e-08	1055.00767459243
230.27027027	1.3624202690332777e-08	1053.5398373500914
230.76976977	1.3599280622424627e-08	1052.0720001077527
231.269269269	1.357435855451648e-08	1050.604162865414
231.768768769	1.3549436486608331e-08	1049.1363256230754
232.268268268	1.3524514418700182e-08	1047.6684883807366
232.767767768	1.3499592350792032e-08	1046.200651138398
233.267267267	1.3474670282883885e-08	1044.7328138960593
233.766766767	1.3449748214975737e-08	1043.2649766537206
234.266266266	1.3424826147067588e-08	1041.797139411382
234.765765766	1.339990407915944e-08	1040.3293021690433
235.265265265	1.337498201125129e-08	1038.8614649267047
235.764764765	1.3350059943343144e-08	1037.393627684366
236.264264264	1.3325137875434994e-08	1035.9257904420274
236.763763764	1.3300215807526847e-08	1034.4579531996887
237.263263263	1.3275293739618698e-08	1032.9901159573496
237.762762763	1.3254799027977166e-08	1031.522278715011
238.262262262	1.3238701511395336e-08	1030.0544414726724
238.761761762	1.3222603994813503e-08	1028.5866042303337
239.261261261	1.320650647823167e-08	1027.118766987995
239.760760761	1.319040896164984e-08	1025.6509297456564
240.26026026	1.3174311445068009e-08	1024.1830925033178
240.75975976	1.3158213928486176e-08	1022.715255260979
241.259259259	1.3142116411904344e-08	1021.2474180186404
241.758758759	1.3126018895322513e-08	1019.7795807763017
242.258258258	1.3109921378740682e-08	1018.311743533963
242.757757758	1.309382386215885e-08	1016.8439062916243
243.257257257	1.3077726345577018e-08	1015.3760690492857
243.756756757	1.3061628828995186e-08	1013.908231806947
244.256256256	1.3045531312413355e-08	1012.4403945646081
244.755755756	1.3029433795831522e-08	1010.9725573222695
245.255255255	1.3013336279249691e-08	1009.5047200799308
245.754754755	1.299723876266786e-08	1008.0368828375922
246.254254254	1.2981141246086028e-08	1006.5690455952534
246.753753754	1.2965043729504195e-08	1005.1012083529148
247.253253253	1.2948946212922364e-08	1003.6333711105761
247.752752753	1.2932848696340534e-08	1002.1655338682375
248.252252252	1.2916751179758701e-08	1000.6976966258989
248.751751752	1.2900653663176868e-08	999.2298593835601
249.251251251	1.2884556146595038e-08	997.7620221412215
249.750750751	1.2868458630013207e-08	996.2941848988827
250.25025025	1.2852361113431374e-08	994.8263476565439
250.74974975	1.2836263596849542e-08	993.3585104142053
251.249249249	1.2820166080267709e-08	991.8906731718666
251.748748749	1.280406856368588e-08	990.422835929528
252.248248248	1.2787971047104047e-08	988.9549986871892
252.747747748	1.2771873530522215e-08	987.4871614448506
253.247247247	1.2755776013940382e-08	986.0193242025119
253.746746747	1.2739678497358553e-08	984.5514869601732
254.246246246	1.272358098077672e-08	983.0836497178345
254.745745746	1.2707483464194888e-08	981.6158124754959
255.245245245	1.2691385947613057e-08	980.1479752331572
255.744744745	1.2675288431031224e-08	978.6801379908185
256.244244244	1.2659190914449393e-08	977.2123007484798
256.743743744	1.2643093397867561e-08	975.7444635061411
257.243243243	1.262699588128573e-08	974.2766262638024
257.742742743	1.2610898364703897e-08	972.8087890214637
258.242242242	1.2594800848122067e-08	971.3409517791251
258.741741742	1.2578703331540234e-08	969.8731145367864
259.241241241	1.2562605814958403e-08	968.4052772944477
259.740740741	1.2546508298376572e-08	966.937440052109
260.24024024	1.253041078179474e-08	965.4696028097703
260.73973974	1.2514313265212907e-08	964.0017655674317
261.239239239	1.2498215748631076e-08	962.533928325093
261.738738739	1.2482118232049245e-08	961.0660910827542
262.238238238	1.2466020715467413e-08	959.5982538404155
262.737737738	1.244992319888558e-08	958.130416598077
263.237237237	1.243382568230375e-08	956.6625793557382
263.736736737	1.2417728165721918e-08	955.1947421133996
264.236236236	1.2401630649140086e-08	953.7269048710608
264.735735736	1.2385533132558253e-08	952.2590676287222
265.235235235	1.2369435615976422e-08	950.7912303863834
265.734734735	1.2353338099394592e-08	949.3233931440449
266.234234234	1.2337240582812759e-08	947.8555559017061
266.733733734	1.2321143066230928e-08	946.3877186593675
267.233233233	1.2305045549649096e-08	944.9198814170286
267.732732733	1.2288948033067265e-08	943.4520441746901
268.232232232	1.2272850516485432e-08	941.9842069323514
268.731731732	1.22567529999036e-08	940.5163696900127
269.231231231	1.224065548332177e-08	939.048532447674
269.730730731	1.2224557966739938e-08	937.5806952053352
270.23023023	1.2208460450158105e-08	936.1128579629967
270.72972973	1.2192362933576273e-08	934.645020720658
271.229229229	1.2176265416994443e-08	933.1771834783193
271.728728729	1.2160167900412611e-08	931.7093462359805
272.228228228	1.2144070383830778e-08	930.2415089936419
272.727727728	1.2127972867248946e-08	928.7736717513033
273.227227227	1.2111875350667115e-08	927.3058345089646
273.726726727	1.2095777834085284e-08	925.837997266626
274.226226226	1.2079680317503451e-08	924.3701600242871
274.725725726	1.2063582800921619e-08	922.9023227819484
275.225225225	1.2047485284339788e-08	921.4344855396098
275.724724725	1.2031387767757957e-08	919.9666482972711
276.224224224	1.2015290251176125e-08	918.4988110549324
276.723723724	1.1999192734594292e-08	917.0309738125937
277.223223223	1.1983095218012461e-08	915.563136570255
277.722722723	1.196699770143063e-08	914.0952993279165
278.222222222	1.1950900184848798e-08	912.6274620855777
278.721721722	1.1934802668266965e-08	911.1596248432389
279.221221221	1.1918705151685134e-08	909.6917876009002
279.720720721	1.1902607635103303e-08	908.2239503585615
280.22022022	1.188651011852147e-08	906.756113116223
280.71971972	1.187041260193964e-08	905.2882758738842
281.219219219	1.1854315085357807e-08	903.8204386315456
281.718718719	1.1838217568775976e-08	902.3526013892068
282.218218218	1.1822120052194144e-08	900.8847641468682
282.717717718	1.1806022535612313e-08	899.4169269045295
283.217217217	1.178992501903048e-08	897.9490896621909
283.716716717	1.177382750244865e-08	896.4812524198521
284.216216216	1.1757729985866817e-08	895.0134151775135
284.715715716	1.1741632469284986e-08	893.5455779351746
285.215215215	1.1725534952703155e-08	892.0777406928362
285.714714715	1.1709437436121323e-08	890.6099034504974
286.214214214	1.169333991953949e-08	889.1420662081587
286.713713714	1.167724240295766e-08	887.67422896582
287.213213213	1.1661144886375828e-08	886.2063917234813
287.712712713	1.1645047369793996e-08	884.7385544811427
288.212212212	1.1628949853212163e-08	883.270717238804
288.711711712	1.1612852336630332e-08	881.8028799964653
289.211211211	1.1596754820048501e-08	880.3350427541266
289.710710711	1.1580657303466669e-08	878.8672055117879
290.21021021	1.1564559786884836e-08	877.3993682694493
290.70970971	1.1548462270303004e-08	875.9315310271105
291.209209209	1.1532364753721174e-08	874.4636937847719
291.708708709	1.1516267237139342e-08	872.9958565424331
292.208208208	1.150016972055751e-08	871.5280193000945
292.707707708	1.1484072203975677e-08	870.0601820577558
293.207207207	1.1467974687393848e-08	868.5923448154172
293.706706707	1.1451877170812015e-08	867.1245075730784
294.206206206	1.1435779654230182e-08	865.6566703307398
294.705705706	1.1419682137648352e-08	864.188833088401
295.205205205	1.1403584621066519e-08	862.7209958460624
295.704704705	1.1387487104484688e-08	861.2531586037237
296.204204204	1.1371389587902856e-08	859.7853213613851
296.703703704	1.1355292071321023e-08	858.3174841190462
297.203203203	1.1339194554739194e-08	856.8496468767075
297.702702703	1.1323097038157361e-08	855.381809634369
298.202202202	1.1306999521575529e-08	853.9139723920302
298.701701702	1.1290902004993698e-08	852.4461351496916
299.201201201	1.1274804488411865e-08	850.9782979073528
299.700700701	1.1258706971830034e-08	849.5104606650142
300.2002002	1.1242609455248202e-08	848.0426234226755
300.6996997	1.1226511938666371e-08	846.5747861803369
301.199199199	1.121041442208454e-08	845.1069489379981
301.698698699	1.1194316905502707e-08	843.6391116956595
302.198198198	1.1178219388920875e-08	842.1712744533206
302.697697698	1.1162121872339044e-08	840.7034372109822
303.197197197	1.1146024355757213e-08	839.2355999686434
303.696696697	1.112992683917538e-08	837.7677627263047
304.196196196	1.1113829322593548e-08	836.299925483966
304.695695696	1.1097731806011717e-08	834.8320882416273
305.195195195	1.1081634289429886e-08	833.3642509992887
305.694694695	1.1065536772848054e-08	831.89641375695
306.194194194	1.1049439256266223e-08	830.4285765146113
306.693693694	1.103334173968439e-08	828.9607392722726
307.193193193	1.101724422310256e-08	827.4929020299339
307.692692693	1.1001146706520727e-08	826.0250647875953
308.192192192	1.0985049189938894e-08	824.5572275452566
308.691691692	1.0968951673357065e-08	823.0893903029179
309.191191191	1.0952854156775232e-08	821.6215530605791
309.690690691	1.09367566401934e-08	820.1537158182406
310.19019019	1.0920659123611569e-08	818.6858785759018
310.68968969	1.0904561607029738e-08	817.2180413335632
311.189189189	1.0888464090447906e-08	815.7502040912244
311.688688689	1.0872366573866073e-08	814.2823668488858
312.188188188	1.085626905728424e-08	812.814529606547
312.687687688	1.084017154070241e-08	811.3466923642085
313.187187187	1.0824074024120579e-08	809.8788551218697
313.686686687	1.0807976507538746e-08	808.4110178795311
314.186186186	1.0791878990956914e-08	806.9431806371922
314.685685686	1.0775781474375084e-08	805.4753433948538
315.185185185	1.0759683957793252e-08	804.0075061525151
315.684684685	1.074358644121142e-08	802.5396689101763
316.184184184	1.0727488924629587e-08	801.0718316678376
316.683683684	1.0711391408047756e-08	799.6039944254989
317.183183183	1.0695293891465925e-08	798.1361571831603
317.682682683	1.0679196374884092e-08	796.6683199408216
318.182182182	1.066309885830226e-08	795.2004826984829
318.681681682	1.0647001341720429e-08	793.7326454561442
319.181181181	1.0630903825138598e-08	792.2648082138055
319.680680681	1.0614806308556765e-08	790.7969709714669
320.18018018	1.0598708791974935e-08	789.3291337291281
320.67967968	1.0582611275393102e-08	787.8612964867895
321.179179179	1.0566513758811271e-08	786.3934592444507
321.678678679	1.0550416242229439e-08	784.925622002112
322.178178178	1.0534318725647608e-08	783.4577847597734
322.677677678	1.0518221209065777e-08	781.9899475174348
323.177177177	1.0502123692483944e-08	780.522110275096
323.676676677	1.0486026175902112e-08	779.0542730327574
324.176176176	1.046992865932028e-08	777.5864357904186
324.675675676	1.0453831142738448e-08	776.1185985480801
325.175175175	1.0437733626156617e-08	774.6507613057413
325.674674675	1.0421636109574785e-08	773.1829240634027
326.174174174	1.0405538592992954e-08	771.715086821064
326.673673674	1.0389441076411123e-08	770.2472495787251
327.173173173	1.037334355982929e-08	768.7794123363866
327.672672673	1.035724604324746e-08	767.3115750940478
328.172172172	1.0341148526665627e-08	765.8437378517092
328.671671672	1.0325051010083796e-08	764.3759006093704
329.171171171	1.0308953493501964e-08	762.9080633670318
329.670670671	1.0292855976920131e-08	761.4402261246931
330.17017017	1.0276758460338298e-08	759.9723888823545
330.66966967	1.026066094375647e-08	758.5045516400157
331.169169169	1.0244563427174637e-08	757.0367143976771
331.668668669	1.0228465910592804e-08	755.5688771553384
332.168168168	1.0212368394010973e-08	754.1010399129997
332.667667668	1.0196270877429142e-08	752.633202670661
333.167167167	1.018017336084731e-08	751.1653654283223
333.666666667	1.0164075844265477e-08	749.6975281859836
334.166166166	1.0147978327683648e-08	748.2296909436449
334.665665666	1.0131880811101814e-08	746.7618537013063
335.165165165	1.0115783294519983e-08	745.2940164589676
335.664664665	1.009968577793815e-08	743.8261792166289
336.164164164	1.0083588261356321e-08	742.3583419742902
336.663663664	1.0067490744774488e-08	740.8905047319515
337.163163163	1.0051393228192656e-08	739.4226674896129
337.662662663	1.0035295711610823e-08	737.9548302472742
338.162162162	1.0019198195028992e-08	736.4869930049356
338.661661662	1.000310067844716e-08	735.0191557625967
339.161161161	9.987003161865329e-09	733.5513185202581
339.660660661	9.970905645283496e-09	732.0834812779194
340.16016016	9.954808128701666e-09	730.6156440355808
340.65965966	9.938710612119835e-09	729.147806793242
341.159159159	9.922613095538002e-09	727.6799695509034
341.658658659	9.90651557895617e-09	726.2121323085646
342.158158158	9.890418062374339e-09	724.7442950662261
342.657657658	9.874320545792508e-09	723.2764578238873
343.157157157	9.858223029210675e-09	721.8086205815487
343.656656657	9.842125512628843e-09	720.34078333921
344.156156156	9.826027996047012e-09	718.8729460968711
344.655655656	9.809930479465181e-09	717.4051088545326
345.155155155	9.793832962883348e-09	715.9372716121939
345.654654655	9.777735446301517e-09	714.4694343698552
346.154154154	9.761637929719685e-09	713.0015971275164
346.653653654	9.745540413137854e-09	711.5337598851778
347.153153153	9.729442896556021e-09	710.0659226428392
347.652652653	9.713345379974189e-09	708.5980854005005
348.152152152	9.69724786339236e-09	707.1302481581617
348.651651652	9.681150346810527e-09	705.6624109158231
349.151151151	9.665052830228695e-09	704.1945736734845
349.650650651	9.648955313646864e-09	702.7267364311458
350.15015015	9.632857797065031e-09	701.2588991888072
350.64964965	9.6167602804832e-09	699.7910619464683
351.149149149	9.600662763901368e-09	698.3232247041296
351.648648649	9.584565247319535e-09	696.8553874617909
352.148148148	9.568467730737706e-09	695.3875502194524
352.647647648	9.552370214155873e-09	693.9197129771136
353.147147147	9.53627269757404e-09	692.451875734775
353.646646647	9.52017518099221e-09	690.9840384924362
354.146146146	9.504077664410379e-09	689.5162012500975
354.645645646	9.487980147828546e-09	688.0483640077589
355.145145145	9.471882631246714e-09	686.5805267654202
355.644644645	9.455785114664881e-09	685.1126895230816
356.144144144	9.43968759808305e-09	683.6448522807427
356.643643644	9.42359008150122e-09	682.1770150384043
357.143143143	9.407492564919387e-09	680.7091777960654
357.642642643	9.391395048337556e-09	679.2413405537268
358.142142142	9.375297531755725e-09	677.773503311388
358.641641642	9.359200015173893e-09	676.3056660690493
359.141141141	9.34310249859206e-09	674.8378288267106
359.640640641	9.32700498201023e-09	673.369991584372
360.14014014	9.310907465428397e-09	671.9021543420333
360.63963964	9.294809948846566e-09	670.4343170996947
361.139139139	9.278712432264733e-09	668.966479857356
361.638638639	9.2626149156829e-09	667.4986426150174
362.138138138	9.246517399101071e-09	666.0308053726787
362.637637638	9.230419882519239e-09	664.5629681303399
363.137137137	9.214322365937406e-09	663.0951308880012
363.636636637	9.198224849355575e-09	661.6272936456625
364.136136136	9.182127332773743e-09	660.1594564033239
364.635635636	9.166029816191912e-09	658.6916191609852
365.135135135	9.14993229961008e-09	657.2237819186465
365.634634635	9.133834783028249e-09	655.7559446763078
366.134134134	9.117737266446418e-09	654.2881074339691
366.633633634	9.101639749864585e-09	652.8202701916306
367.133133133	9.085542233282754e-09	651.3524329492918
367.632632633	9.069444716700922e-09	649.8845957069531
368.132132132	9.05334720011909e-09	648.4167584646143
368.631631632	9.037249683537258e-09	646.9489212222757
369.131131131	9.021152166955426e-09	645.481083979937
369.630630631	9.005054650373596e-09	644.0132467375984
370.13013013	8.988957133791764e-09	642.5454094952596
370.62962963	8.972859617209931e-09	641.077572252921
371.129129129	8.9567621006281e-09	639.6097350105822
371.628628629	8.940664584046268e-09	638.1418977682437
372.128128128	8.924567067464437e-09	636.6740605259049
372.627627628	8.908469550882604e-09	635.2062232835663
373.127127127	8.892372034300772e-09	633.7383860412276
373.626626627	8.876274517718941e-09	632.2705487988887
374.126126126	8.86017700113711e-09	630.8027115565503
374.625625626	8.844079484555278e-09	629.3348743142114
375.125125125	8.827981967973447e-09	627.8670370718728
375.624624625	8.811884451391614e-09	626.399199829534
376.124124124	8.795786934809783e-09	624.9313625871954
376.623623624	8.77968941822795e-09	623.4635253448566
377.123123123	8.763591901646118e-09	621.995688102518
377.622622623	8.747494385064287e-09	620.5278508601793
378.122122122	8.731396868482455e-09	619.0600136178407
378.621621622	8.715299351900624e-09	617.592176375502
379.121121121	8.699201835318791e-09	616.1243391331634
379.620620621	8.68310431873696e-09	614.6565018908248
380.12012012	8.66700680215513e-09	613.1886646484859
380.61961962	8.650909285573297e-09	611.7208274061472
381.119119119	8.634811768991466e-09	610.2529901638086
381.618618619	8.618714252409633e-09	608.78515292147
382.118118118	8.602616735827802e-09	607.3173156791312
382.617617618	8.58651921924597e-09	605.8494784367925
383.117117117	8.570421702664137e-09	604.3816411944538
383.616616617	8.554324186082308e-09	602.9138039521151
384.116116116	8.538226669500476e-09	601.4459667097765
384.615615616	8.522129152918643e-09	599.9781294674378
385.115115115	8.506031636336812e-09	598.5102922250992
385.614614615	8.48993411975498e-09	597.0424549827603
386.114114114	8.473836603173149e-09	595.5746177404217
386.613613614	8.457739086591316e-09	594.106780498083
387.113113113	8.441641570009484e-09	592.6389432557444
387.612612613	8.425544053427654e-09	591.1711060134056
388.112112112	8.409446536845822e-09	589.703268771067
388.611611612	8.39334902026399e-09	588.2354315287282
389.111111111	8.377251503682158e-09	586.7675942863897
389.610610611	8.361153987100327e-09	585.2997570440509
390.11011011	8.345056470518495e-09	583.8319198017123
390.60960961	8.328958953936662e-09	582.3640825593736
391.109109109	8.31286143735483e-09	580.8962453170348
391.608608609	8.296763920773e-09	579.4284080746962
392.108108108	8.280666404191168e-09	577.9605708323575
392.607607608	8.264568887609337e-09	576.4927335900188
393.107107107	8.248471371027505e-09	575.02489634768
393.606606607	8.232373854445674e-09	573.5570591053414
394.106106106	8.216276337863841e-09	572.0892218630028
394.605605606	8.200178821282009e-09	570.6213846206641
395.105105105	8.184081304700176e-09	569.1535473783254
395.604604605	8.167983788118345e-09	567.6857101359867
396.104104104	8.151886271536514e-09	566.2178728936481
396.603603604	8.135788754954682e-09	564.7500356513094
397.103103103	8.11969123837285e-09	563.2821984089708
397.602602603	8.10359372179102e-09	561.8143611666319
398.102102102	8.087496205209187e-09	560.3465239242933
398.601601602	8.071398688627355e-09	558.8786866819546
399.101101101	8.055301172045524e-09	557.410849439616
399.600600601	8.039203655463691e-09	555.9430121972771
400.1001001	8.02310613888186e-09	554.4751749549384
400.5995996	8.007008622300028e-09	553.0073377125998
401.099099099	7.990911105718197e-09	551.5395004702611
401.598598599	7.974813589136366e-09	550.0716632279225
402.098098098	7.958716072554534e-09	548.6038259855839
402.597597598	7.942618555972701e-09	547.1359887432452
403.097097097	7.92652103939087e-09	545.6681515009063
403.596596597	7.910423522809038e-09	544.2003142585679
404.096096096	7.894326006227207e-09	542.732477016229
404.595595596	7.878228489645374e-09	541.2646397738904
405.095095095	7.862130973063545e-09	539.7968025315516
405.594594595	7.846033456481712e-09	538.328965289213
406.094094094	7.82993593989988e-09	536.8611280468742
406.593593594	7.813838423318049e-09	535.3932908045357
407.093093093	7.797740906736216e-09	533.9254535621969
407.592592593	7.781643390154385e-09	532.4576163198583
408.092092092	7.765545873572553e-09	530.9897790775196
408.591591592	7.74944835699072e-09	529.521941835181
409.091091091	7.733350840408891e-09	528.0541045928422
409.590590591	7.717253323827059e-09	526.5862673505035
410.09009009	7.701155807245226e-09	525.1184301081648
410.58958959	7.685058290663393e-09	523.6505928658261
411.089089089	7.668960774081563e-09	522.1827556234875
411.588588589	7.652863257499732e-09	520.7149183811488
412.088088088	7.636765740917899e-09	519.2470811388101
412.587587588	7.620668224336067e-09	517.7792438964714
413.087087087	7.604570707754237e-09	516.3114066541327
413.586586587	7.588473191172405e-09	514.8435694117941
414.086086086	7.572375674590574e-09	513.3757321694554
414.585585586	7.556278158008741e-09	511.90789492711673
415.085085085	7.540180641426909e-09	510.44005768477797
415.584584585	7.524083124845078e-09	508.9722204424393
416.084084084	7.507985608263245e-09	507.5043832001007
416.583583584	7.491888091681413e-09	506.036545957762
417.083083083	7.475790575099582e-09	504.5687087154232
417.582582583	7.459693058517751e-09	503.10087147308457
418.082082082	7.443595541935919e-09	501.63303423074575
418.581581582	7.4274980253540875e-09	500.1651969884072
419.081081081	7.411400508772255e-09	498.69735974606857
419.580580581	7.395302992190423e-09	497.2295225037298
420.08008008	7.3792054756085915e-09	495.76168526139116
420.57957958	7.36310795902676e-09	494.2938480190524
421.079079079	7.347010442444928e-09	492.8260107767139
421.578578579	7.330912925863097e-09	491.3581735343751
422.078078078	7.3148154092812655e-09	489.89033629203647
422.577577578	7.298717892699434e-09	488.4224990496977
423.077077077	7.282620376117601e-09	486.954661807359
423.576576577	7.26652285953577e-09	485.48682456502036
424.076076076	7.250425342953938e-09	484.0189873226817
424.575575576	7.234327826372107e-09	482.5511500803429
425.075075075	7.218230309790274e-09	481.08331283800425
425.574574575	7.202132793208443e-09	479.6154755956656
426.074074074	7.186035276626611e-09	478.14763835332695
426.573573574	7.16993776004478e-09	476.6798011109883
427.073073073	7.153840243462947e-09	475.21196386864955
427.572572573	7.1377427268811165e-09	473.74412662631084
428.072072072	7.121645210299284e-09	472.2762893839721
428.571571572	7.105547693717452e-09	470.80845214163355
429.071071071	7.0894501771356205e-09	469.3406148992948
429.570570571	7.073352660553789e-09	467.87277765695615
430.07007007	7.057255143971958e-09	466.4049404146174
430.56956957	7.0447765103415405e-09	464.93710317227874
431.069069069	7.035886346953732e-09	463.4692659299402
431.568568569	7.026996183565924e-09	462.00142868760145
432.068068068	7.018106020178116e-09	460.53359144526274
432.567567568	7.009215856790308e-09	459.0657542029239
433.067067067	7.0003256934025e-09	457.5979169605853
433.566566567	6.991435530014692e-09	456.13007971824663
434.066066066	6.982545366626884e-09	454.662242475908
434.565565566	6.9736552032390765e-09	453.1944052335692
435.065065065	6.964765039851268e-09	451.7265679912306
435.564564565	6.95587487646346e-09	450.2587307488918
436.064064064	6.946984713075652e-09	448.7908935065533
436.563563564	6.938094549687844e-09	447.3230562642146
437.063063063	6.9292043863000355e-09	445.8552190218758
437.562562563	6.920314222912227e-09	444.3873817795372
438.062062062	6.91142405952442e-09	442.9195445371984
438.561561562	6.902533896136612e-09	441.4517072948599
439.061061061	6.8936437327488035e-09	439.9838700525211
439.560560561	6.884753569360996e-09	438.5160328101825
440.06006006	6.875863405973188e-09	437.0481955678437
440.55955956	6.86697324258538e-09	435.5803583255051
441.059059059	6.8580830791975716e-09	434.11252108316637
441.558558559	6.849192915809763e-09	432.64468384082767
442.058058058	6.840302752421955e-09	431.1768465984889
442.557557558	6.831412589034147e-09	429.70900935615026
443.057057057	6.822522425646339e-09	428.2411721138116
443.556556557	6.813632262258531e-09	426.77333487147297
444.056056056	6.804742098870723e-09	425.3054976291343
444.555555556	6.795851935482916e-09	423.83766038679556
445.055055055	6.786961772095108e-09	422.3698231444569
445.554554555	6.778071608707299e-09	420.90198590211816
446.054054054	6.769181445319491e-09	419.43414865977957
446.553553554	6.760291281931683e-09	417.9663114174408
447.053053053	6.751401118543875e-09	416.49847417510216
447.552552553	6.7425109551560666e-09	415.0306369327634
448.052052052	6.733620791768258e-09	413.56279969042475
448.551551552	6.724730628380451e-09	412.0949624480862
449.051051051	6.715840464992643e-09	410.6271252057474
449.550550551	6.7069503016048354e-09	409.15928796340876
450.05005005	6.698060138217027e-09	407.69145072107
450.54954955	6.689169974829219e-09	406.2236134787314
451.049049049	6.680279811441411e-09	404.75577623639265
451.548548549	6.671389648053603e-09	403.287938994054
452.048048048	6.662499484665794e-09	401.82010175171524
452.547547548	6.653609321277986e-09	400.3522645093766
453.047047047	6.644719157890178e-09	398.88442726703784
453.546546547	6.635828994502371e-09	397.4165900246993
454.046046046	6.6269388311145624e-09	395.94875278236066
454.545545546	6.618048667726755e-09	394.4809155400219
455.045045045	6.609158504338947e-09	393.0130782976832
455.544544545	6.600268340951139e-09	391.54524105534455
456.044044044	6.5913781775633304e-09	390.0774038130059
456.543543544	6.582488014175522e-09	388.60956657066714
457.043043043	6.573597850787714e-09	387.1417293283285
457.542542543	6.564707687399906e-09	385.6738920859897
458.042042042	6.555817524012098e-09	384.20605484365115
458.541541542	6.54692736062429e-09	382.7382176013124
459.041041041	6.538037197236483e-09	381.27038035897374
459.540540541	6.529147033848674e-09	379.8025431166349
460.04004004	6.5202568704608665e-09	378.3347058742963
460.53953954	6.511366707073058e-09	376.86686863195774
461.039039039	6.50247654368525e-09	375.399031389619
461.538538539	6.493586380297442e-09	373.93119414728034
462.038038038	6.484696216909634e-09	372.4633569049416
462.537537538	6.4758060535218255e-09	370.99551966260293
463.037037037	6.466915890134017e-09	369.5276824202643
463.536536537	6.45802572674621e-09	368.05984517792564
464.036036036	6.449135563358402e-09	366.5920079355869
464.535535536	6.4402453999705935e-09	365.1241706932482
465.035035035	6.431355236582786e-09	363.6563334509094
465.534534535	6.422465073194978e-09	362.1884962085708
466.034034034	6.41357490980717e-09	360.7206589662322
466.533533534	6.4046847464193615e-09	359.2528217238934
467.033033033	6.395794583031553e-09	357.7849844815548
467.532532533	6.386904419643745e-09	356.317147239216
468.032032032	6.378014256255937e-09	354.8493099968775
468.531531532	6.3691240928681295e-09	353.3814727545387
469.031031031	6.360233929480321e-09	351.9136355122
469.530530531	6.351343766092513e-09	350.44579826986126
470.03003003	6.342453602704706e-09	348.9779610275226
470.52952953	6.3335634393168975e-09	347.51012378518396
471.029029029	6.324673275929089e-09	346.0422865428453
471.528528529	6.315783112541281e-09	344.57444930050667
472.028028028	6.306892949153473e-09	343.1066120581679
472.527527528	6.298002785765665e-09	341.63877481582927
473.027027027	6.2891126223778565e-09	340.1709375734906
473.526526527	6.280222458990048e-09	338.70310033115186
474.026026026	6.271332295602241e-09	337.2352630888131
474.525525526	6.262442132214433e-09	335.76742584647445
475.025025025	6.253551968826625e-09	334.2995886041357
475.524524525	6.244661805438816e-09	332.83175136179716
476.024024024	6.235771642051009e-09	331.3639141194584
476.523523524	6.226881478663201e-09	329.89607687711975
477.023023023	6.2179913152753925e-09	328.4282396347811
477.522522523	6.209101151887584e-09	326.96040239244235
478.022022022	6.200210988499776e-09	325.49256515010376
478.521521522	6.191320825111968e-09	324.024727907765
479.021021021	6.1824306617241605e-09	322.55689066542647
479.520520521	6.173540498336352e-09	321.0890534230877
480.02002002	6.164650334948545e-09	319.62121618074895
480.51951952	6.155760171560736e-09	318.1533789384102
481.019019019	6.1468700081729286e-09	316.68554169607165
481.518518519	6.13797984478512e-09	315.2177044537329
482.018018018	6.129089681397312e-09	313.7498672113943
482.517517518	6.120199518009504e-09	312.28202996905554
483.017017017	6.111309354621696e-09	310.8141927267167
483.516516517	6.1024191912338876e-09	309.3463554843782
484.016016016	6.09352902784608e-09	307.87851824203943
484.515515516	6.084638864458272e-09	306.4106809997009
485.015015015	6.075748701070465e-09	304.94284375736214
485.514514515	6.0668585376826556e-09	303.4750065150234
486.014014014	6.057968374294848e-09	302.0071692726846
486.513513514	6.04907821090704e-09	300.5393320303461
487.013013013	6.040188047519232e-09	299.0714947880073
487.512512513	6.0312978841314236e-09	297.60365754566874
488.012012012	6.022407720743615e-09	296.13582030333
488.511511512	6.013517557355807e-09	294.6679830609912
489.011011011	6.004627393968e-09	293.2001458186527
489.510510511	5.995737230580191e-09	291.7323085763139
490.01001001	5.986847067192383e-09	290.2644713339754
490.50950951	5.977956903804575e-09	288.7966340916366
491.009009009	5.969066740416768e-09	287.3287968492978
491.508508509	5.96017657702896e-09	285.8609596069593
492.008008008	5.951286413641151e-09	284.39312236462047
492.507507508	5.942396250253343e-09	282.9252851222817
493.007007007	5.933506086865535e-09	281.4574478799432
493.506506507	5.924615923477727e-09	279.9896106376044
494.006006006	5.9157257600899194e-09	278.5217733952659
494.505505506	5.90683559670211e-09	277.0539361529271
495.005005005	5.897945433314303e-09	275.58609891058836
495.504504505	5.889055269926495e-09	274.11826166824983
496.004004004	5.8801651065386874e-09	272.65042442591107
496.503503504	5.871274943150879e-09	271.1825871835725
497.003003003	5.862384779763071e-09	269.7147499412337
497.502502503	5.853494616375263e-09	268.24691269889496
498.002002002	5.844604452987455e-09	266.7790754565562
498.501501502	5.8357142895996464e-09	265.3112382142176
499.001001001	5.826824126211838e-09	263.84340097187885
499.500500501	5.817933962824031e-09	262.3755637295403