#ID	Type	M	WM	SWM	x	y	z	xv	vy	vz	a	e	i	N	dt	init_time	formation_time	P
61	0	6.53858e-08	0	0	93.0903	-0.902703	0.182956	8414.97	68504.8	-192.16	101.125	0.137239	0.00360644	2	0.00154109	0	0	23363.1
114	0	2.94687e-08	0	0	35.6711	99.1594	-1.07397	-51681.1	31623.2	488.459	99.5781	0.210198	0.0145161	2	0.00154109	0	0	51623.6
127	1	1.57385e-06	0	0	24.3384	63.3013	-0.00186139	-72573.8	27938.8	-23.4959	67.7009	0.00179546	0.000303369	2	0.00154109	0	132291	801.148
123	0	3.91425e-08	0	0	37.085	-140.584	0.052059	48205.2	5788.3	-40.7399	124.714	0.214494	0.000965905	2	0.00154109	0	0	43585.5
58	0	4.08567e-08	0	0	32.0217	92.3264	-0.208145	-69748.9	15199	-936.191	124.056	0.242028	0.0136303	2	0.00154109	0	0	41240
42	0	2.63462e-08	0	0	99.0253	-97.8066	-0.245146	34194.6	34673.7	-799.043	116.337	0.196387	0.0165021	2	0.00154109	0	0	61875.4
98	0	8.15298e-09	0	0	-161.819	-64.4469	1.00495	14220.2	-40797.7	741.13	144.145	0.212725	0.0178731	2	0.00154109	0	0	223802
195	0	4.75805e-08	0	0	70.3371	89.1811	2.61692	-56353.2	28182.3	3115.86	126.299	0.224004	0.0598077	2	0.00154109	0	0	35780
201	1	2.08116e-07	0	0	-118.436	58.3869	2.9661	-35271.7	-44557	1079.84	137.374	0.213694	0.0267898	2	0.00154109	34298.6	0	8518.93
102	0	4.51394e-07	0	0	154.491	65.2525	-0.530084	-15234.2	46540.8	-292.14	164.247	0.0858309	0.00653726	2	0.00154109	0	596782	4311.96
92	0	1.51787e-08	0	0	-177.035	74.262	-1.21484	-12416.5	-43440	202.069	183.51	0.12708	0.00735508	2	0.00154109	0	0	135061
167	0	5.533e-07	0	0	-113.862	67.7815	-0.561903	-39663.2	-40752.2	16.168	138.467	0.236475	0.00443734	2	0.00154109	0	511432	3233.35
118	0	2.49335e-08	0	0	181.871	108.198	1.34206	-20570.7	35955.3	-270.153	189.612	0.117319	0.00917479	2	0.00154109	0	0	83494.9
9	1	2.46789e-07	0	0	96.528	206.058	-0.106417	-35444.9	17522.9	-3.88344	200.635	0.135743	0.000475952	2	0.00154109	0	0	8765.72
25	0	9.34358e-09	0	0	-25.9667	217.954	8.6068	-41935.3	-11058.1	-913.623	221.001	0.139613	0.0422414	2	0.00154109	0	0	239849
7	1	2.55168e-07	0	0	174.372	-8.64991	0.727099	8829.69	48693.3	-284.147	181.998	0.135576	0.00758056	2	0.00154109	0	0	7996.68
29	0	9.88933e-08	0	0	-51.3753	199.462	0.225204	-42349.7	-16834.5	-1587.03	215.107	0.132758	0.0349674	2	0.00154109	0	0	22600.3
196	0	2.78553e-08	0	0	-160.606	38.0693	-0.463339	-7055.06	-47440.2	-677.538	153.445	0.11359	0.0146871	2	0.00154109	0	0	67167
50	0	1.94638e-08	0	0	223.47	-111.319	-3.46502	18912.2	33183	10.8236	224.242	0.126294	0.0139184	2	0.00154109	0	0	117127
71	0	5.37351e-08	0	0	104.654	196.938	0.361049	-40537.2	14195.3	580.791	223.367	0.151012	0.0140194	2	0.00154109	0	0	42283.9
153	0	2.21288e-07	0	0	39.2974	206.64	-0.464314	-45916.2	5806.34	7.12069	232.846	0.114716	0.00220747	2	0.00154109	0	0	10493
170	0	1.21769e-07	0	0	202.027	112.14	1.6519	-25318.6	33179.6	496.342	226.497	0.145854	0.0148904	2	0.00154109	0	0	18795.3
161	0	2.48868e-07	0	0	-146.716	-224.807	0.753165	31624.8	-20852.8	-32.2193	252.679	0.0625846	0.00293559	2	0.00154109	0	0	9750.5
148	0	6.27929e-09	0	0	50.8544	-261.812	2.05675	37676.3	9336.62	-578.383	261.049	0.0555523	0.0164446	2	0.00154109	0	0	391781
144	0	5.81643e-08	0	0	-127.596	276.093	0.968049	-33032.7	-14668.3	-75.8001	294.454	0.0361913	0.00383824	2	0.00154109	0	0	44882
26	0	1.1838e-07	0	0	-86.4831	289.338	0.149324	-35696.7	-9157.94	28.7553	301.457	0.0393443	0.000907897	2	0.00154109	0	0	22297
185	0	3.80849e-08	0	0	279.949	-86.8125	3.02618	11017.8	36510.4	235.559	304.585	0.0384046	0.0120713	2	0.00154109	0	0	69430.7
24	0	5.82938e-08	0	0	219.906	233.081	1.39799	-25079.8	25063.5	-164.706	314.339	0.0346791	0.00646606	2	0.00154109	0	0	46175.6
14	0	7.08219e-08	0	3.0035e-13	326.167	-19.267	-1.20306	2760.29	35179.2	140.416	323.59	0.0215973	0.0054743	2	0.00154109	0	0	38436.4
4	1	2.30745e-07	0	3.00951e-10	-334.868	176.382	0.14436	-15378.7	-29132.9	-32.3382	378.373	0.000949743	0.00105346	16	0.0123287	0	0	12778.5
6	1	2.03197e-07	0	3.0035e-10	205.497	-348.69	-0.0105436	27483	16276	-0.257962	406.788	0.00547183	2.729e-05	16	0.0123287	0	0	15094.1
33	0	3.215e-08	0	3.0035e-13	9.65049	352.983	0.804673	-34094.4	896.247	-75.9432	353.032	0.00108307	0.00318437	16	0.0123287	0	0	88519.9
90	0	6.46617e-09	0	3.0035e-13	-387.169	-87.222	0.354171	7038.2	-31353.5	232.99	395.879	0.0026247	0.00730453	16	0.0123287	0	0	466736
154	0	6.30461e-09	0	3.0035e-13	340.8	-149.083	3.1777	13297.2	30458.7	-61.3819	372.026	0.000762416	0.00873843	16	0.0123287	0	0	466631
160	0	4.76988e-09	0	3.0035e-13	367.255	150.731	-0.653031	-12337	29845.5	-328.968	400.126	0.00823819	0.0103221	16	0.0123287	0	0	633783
11	0	5.9876e-08	0	3.0035e-12	86.533	411.715	0.282111	-31851.3	3138.89	-46.8072	442.355	0.119101	0.00155037	16	0.0123287	0	0	53258.1
145	0	8.47604e-08	0	3.0035e-12	-352.419	192.372	0.260545	-16221.6	-29400.9	15.0485	447.059	0.101995	0.00078697	16	0.0123287	0	0	37700.2
179	0	1.4064e-08	0	3.0035e-12	-194.973	-467.924	-0.877541	25470.5	-11175.6	-88.2519	484.88	0.0491368	0.00358654	16	0.0123287	0	0	237536
174	0	1.67685e-07	0	6.007e-12	-442.513	-89.6479	0.155362	3722.2	-30437.8	-12.3238	467.079	0.0848994	0.000550797	16	0.0123287	0	0	19599.3
38	0	2.65493e-09	0	3.0035e-12	249.123	417.494	-2.50805	-25242.1	15084.7	-86.5855	497.753	0.023263	0.0059382	16	0.0123287	0	0	1.27932e+06
74	0	4.21427e-08	0	3.0035e-12	-347.892	-258.405	1.09276	16493.4	-26777.7	61.7859	452.961	0.0968235	0.00307082	16	0.0123287	0	0	76437.2
57	0	2.53376e-09	0	3.0035e-13	-429.058	-23.5882	1.54354	1895.86	-30793.6	250.387	427.821	0.00788769	0.00889669	16	0.0123287	0	0	1.24053e+06
28	0	2.86429e-09	0	3.0035e-12	1.3399	-429.396	-0.841238	31097.9	66.0925	330.435	434.109	0.0108935	0.0108062	16	0.0123287	0	0	1.10332e+06
17	0	3.11199e-09	0	3.0035e-13	-362.237	209.572	-3.4903	-15771.8	-27026.2	143.837	417.434	0.00452082	0.0095379	16	0.0123287	0	0	1.00153e+06
3	1	6.9087e-08	0	3.0035e-09	-514.726	-70.2354	-1.92742	3767.02	-27817.2	-105.926	517.623	0.00376661	0.00528922	32	0.0246574	0	0	49882.1
43	0	5.25097e-09	0	3.0035e-12	297.111	472.968	1.34293	-22917.3	14521.5	38.2115	558.929	0.00397153	0.00278174	32	0.0246574	0	0	684316
48	0	1.82439e-08	0	3.0035e-12	486.694	-208.1	-0.297619	10924.7	25651.7	23.8289	530.111	0.00207363	0.00102236	32	0.0246574	0	0	190705
88	0	1.61034e-09	0	3.0035e-12	357.864	414.312	2.65963	-20733.3	17922.2	-18.5766	547.926	0.000905278	0.00490533	32	0.0246574	0	0	2.21715e+06
96	0	1.29352e-09	6.007e-12	6.007e-12	-509.759	323.446	1.76687	-13981.3	-22021.9	100.865	603.638	0.000309398	0.00484876	32	0.0246574	0	0	2.89689e+06
100	0	4.75028e-10	1.2014e-11	6.007e-12	234.956	-608.786	4.41246	23407	9038.95	56.1553	652.565	0.000178323	0.00712288	32	0.0246574	0	0	8.11635e+06
106	0	1.37715e-09	0	3.0035e-12	489.658	309.269	3.06097	-14225.2	22525	-30.7047	579.427	0.000470966	0.00540951	32	0.0246574	0	0	2.66218e+06
107	0	5.84023e-09	0	3.0035e-12	531.468	111.06	-0.435576	-5635.64	26940.5	113.546	543.562	0.00114909	0.00420249	32	0.0246574	0	0	607085
117	0	6.43104e-10	6.007e-12	6.007e-12	-115.693	-610.867	1.81981	25256.1	-4778.06	149.248	621.633	0.00023973	0.00650288	32	0.0246574	0	0	5.88746e+06
129	0	2.57466e-09	0	3.0035e-12	-505.829	184.149	2.05397	-9471.21	-25935.1	-137.034	537.692	0.00151256	0.00626328	32	0.0246574	0	0	1.35942e+06
143	0	7.64462e-10	6.007e-12	6.007e-12	590.405	69.247	4.19293	-3080.64	26110.8	-82.2675	594.588	0.000737196	0.00771422	32	0.0246574	0	0	4.82443e+06
165	0	8.77198e-09	6.007e-12	6.007e-12	-615.464	123.998	0.235784	-5055.45	-25074.3	-48.1876	627.714	0.000233815	0.001921	32	0.0246574	0	0	433238
181	0	8.20188e-09	0	3.0035e-12	223.769	514.568	1.33128	-24770.3	10879.6	62.4217	560.914	0.00367674	0.00330342	32	0.0246574	0	0	440070
198	0	6.42279e-09	1.2014e-11	1.2014e-11	-491.517	-338.73	1.09062	14886.9	-21596.4	54.2764	596.719	0.00037496	0.00276055	32	0.0246574	0	0	576793
202	1	9.12485e-08	1.2014e-08	6.007e-09	367.69	754.931	0.325223	-19886.6	9686.07	-4.54764	839.738	3.36271e-05	0.000438489	64	0.0493148	259850	0	48128.2
10	1	5.24442e-08	1.2014e-08	6.007e-09	-687.207	35.6935	2.14332	-1268.26	-24400.1	67.1149	688.052	0.000131412	0.00415281	64	0.0493148	0	0	75974.4
18	0	4.58263e-10	1.2014e-11	6.007e-12	717.449	157.383	3.42013	-5053.81	23106.9	20.2183	734.67	0.000659128	0.00473361	64	0.0493148	0	0	8.95689e+06
20	0	4.04069e-10	1.2014e-11	6.007e-12	669.567	293.593	-4.11758	-9520.69	21710	-13.2683	731.134	5.02351e-05	0.0056597	64	0.0493148	0	0	1.01393e+07
22	0	1.49873e-10	1.2014e-11	6.007e-12	815.217	-5.55839	5.90721	155	22448.3	-72.0824	815.259	6.31885e-05	0.00792567	64	0.0493148	0	0	2.89902e+07
23	0	4.65187e-08	1.2014e-11	6.007e-12	-485.982	558.525	0.121904	-17772.5	-15462.1	11.337	740.354	6.52358e-05	0.000508632	64	0.0493148	0	0	88953.8
44	0	2.17165e-09	1.2014e-11	6.007e-12	-580.804	-561.532	1.30824	15674.9	-16212.6	-19.3231	807.844	3.28299e-05	0.00183208	64	0.0493148	0	0	1.99129e+06
47	0	8.46366e-11	1.2014e-11	6.007e-12	958.217	-392.112	-4.66119	7543.74	18436.6	-108.854	1035.36	9.24162e-06	0.00708021	64	0.0493148	0	0	5.79542e+07
63	0	7.96921e-11	1.2014e-11	6.007e-12	943.504	152.921	0.269907	-3316.89	20464.5	-197.555	955.797	2.07386e-05	0.00953307	64	0.0493148	0	0	5.86932e+07
104	0	1.72404e-10	1.2014e-11	6.007e-12	-265.531	760.309	4.40193	-21323.9	-7445.5	-111.067	805.36	4.46893e-05	0.00735251	64	0.0493148	0	0	2.49473e+07
112	0	1.61306e-09	1.2014e-11	6.007e-12	-179.632	935.043	-0.935954	-20399.8	-3918.76	-19.0109	952.148	1.47691e-05	0.00134306	64	0.0493148	0	0	2.8886e+06
121	0	4.08072e-10	1.2014e-11	6.007e-12	-502.497	-598.911	2.9841	17561.4	-14734.2	-56.4837	781.763	4.47582e-05	0.00454317	64	0.0493148	0	0	1.04386e+07
136	0	4.15609e-10	2.4028e-11	1.2014e-11	751.174	7.0931	1.21955	-221.297	23386.3	149.161	751.3	0.00012308	0.00658115	64	0.0493148	0	0	1.00039e+07
140	0	5.35362e-10	1.2014e-11	6.007e-12	616.025	248.876	1.44622	-9316.63	23057.4	134.555	664.484	0.000132094	0.00583212	64	0.0493148	0	0	7.27329e+06
142	0	8.05859e-11	1.2014e-11	6.007e-12	-857.879	565.239	7.55502	-11002.4	-16698.8	44.522	1027.38	1.3201e-05	0.00768335	64	0.0493148	0	0	6.04081e+07
155	0	4.45797e-09	2.4028e-11	1.2014e-11	-683.696	-179.426	-1.31788	6118.63	-23317.8	36.3186	706.741	0.00015642	0.00239708	64	0.0493148	0	0	907385
168	0	1.55753e-09	1.2014e-11	6.007e-12	568.485	431.512	1.72616	-14507.1	19111.4	34.8256	713.761	7.26029e-05	0.00282069	64	0.0493148	0	0	2.60556e+06
180	0	9.07615e-11	1.2014e-11	6.007e-12	-161.2	-979.9	-0.0346634	20069.8	-3301.39	149.146	993.062	1.40523e-05	0.00733277	64	0.0493148	0	0	5.29574e+07
188	0	1.63809e-10	1.2014e-11	6.007e-12	764.511	0.555455	-0.0480293	-17.4711	23181.7	-206.952	764.546	5.27874e-05	0.0089274	64	0.0493148	0	0	2.56657e+07
191	0	1.57199e-08	1.2014e-11	6.007e-12	49.4119	-696.624	0.367264	24191.7	1718.16	7.0978	698.242	0.000210368	0.000601858	64	0.0493148	0	0	254704
203	1	3.03901e-08	1.2014e-08	6.007e-09	1513.1	-223.496	0.0281627	2394.82	16212.8	-162.848	1529.52	4.16993e-06	0.00993626	128	0.0986296	363422	0	194776
35	0	6.11147e-11	1.2014e-11	6.007e-12	835.201	757.451	-0.369526	-12823.3	14139.5	166.112	1127.52	6.1594e-06	0.00870825	128	0.0986296	0	0	8.32765e+07
51	0	6.55063e-11	1.2014e-11	6.007e-12	-1283.18	467.111	5.2032	-5933.2	-16299.2	44.0494	1365.57	3.46752e-06	0.00457903	128	0.0986296	0	0	8.59438e+07
68	0	4.22976e-11	1.2014e-11	6.007e-12	-211.878	-1434.04	-13.1217	16654.1	-2460.15	-50.5744	1449.67	2.28238e-07	0.00953717	128	0.0986296	0	0	1.37194e+08
69	0	4.27008e-11	1.2014e-11	6.007e-12	1403.41	523.497	8.69713	-5788.74	15516.7	104.243	1497.9	5.27676e-06	0.00856341	128	0.0986296	0	0	1.37984e+08
76	0	5.81304e-11	1.2014e-11	6.007e-12	869.659	-701.427	10.2681	12038.6	14925.8	58.6997	1117.32	3.31804e-05	0.00968642	128	0.0986296	0	0	8.71252e+07
79	0	1.40784e-10	1.2014e-11	6.007e-12	1327.98	-501.457	-1.83866	6009.98	15915.9	21.4151	1419.51	5.1697e-06	0.00180617	128	0.0986296	0	0	4.05825e+07
86	0	4.33253e-11	1.2014e-11	6.007e-12	-1635.65	-205.74	-9.73777	1969.47	-15663.4	34.0074	1648.59	3.70467e-05	0.00628747	128	0.0986296	0	0	1.43009e+08
89	0	6.86993e-11	1.2014e-11	6.007e-12	-1141.51	971.585	-2.98996	-10730.5	-12607.1	44.681	1499	1.73004e-06	0.00335596	128	0.0986296	0	0	8.56385e+07
91	0	5.01523e-11	1.2014e-11	6.007e-12	685.813	1098.37	2.48724	-15108.8	9433.41	148.031	1294.9	3.74805e-06	0.00852967	128	0.0986296	0	0	1.08719e+08
131	0	8.43264e-11	1.2014e-11	6.007e-12	1253.1	123.428	-5.25128	-1770.57	17976.5	2.83382	1259.19	5.48794e-06	0.00417336	128	0.0986296	0	0	6.38106e+07
137	0	6.3367e-10	1.2014e-11	6.007e-12	-1260.96	343.197	1.01556	-4656.52	-17108.7	-6.87892	1306.83	2.17609e-06	0.000868574	128	0.0986296	0	0	8.64528e+06
138	0	7.09933e-11	1.2014e-11	6.007e-12	515.53	1152.55	2.85366	-16466.4	7366.11	-82.449	1262.6	2.86527e-05	0.00509896	128	0.0986296	0	0	7.62587e+07
152	0	4.49513e-11	1.2014e-11	6.007e-12	1462.31	175.764	-8.7123	-1992.7	16582.3	80.384	1472.87	3.29384e-06	0.00762592	128	0.0986296	0	0	1.2946e+08
157	0	1.38663e-10	1.2014e-11	6.007e-12	-912.41	583.307	-3.73577	-10491.6	-16410.8	-33.7689	1082.94	9.25219e-06	0.00386081	128	0.0986296	0	0	3.58676e+07
197	0	7.8976e-08	1.2014e-11	6.007e-12	-158.773	-1081.88	-0.106437	19178.5	-2814.51	-2.20471	1093.46	5.11863e-06	0.000149705	128	0.0986296	0	0	63248.7
5	1	3.14095e-08	1.2014e-08	6.007e-09	1670.51	345.456	-8.32447	-3142.82	15197.7	21.657	1705.87	5.64794e-06	0.00507552	256	0.197259	0	0	199776
15	0	3.32502e-11	1.2014e-11	6.007e-12	-198.445	-2262.82	11.6142	13396.9	-1175.49	-112.881	2271.53	2.27966e-06	0.00982823	256	0.197259	0	0	2.17391e+08
30	0	3.50531e-11	1.2014e-11	6.007e-12	2558.03	-228.327	1.33885	1124.46	12598	57.0888	2568.21	7.65329e-07	0.00454361	256	0.197259	0	0	2.20202e+08
53	0	3.27396e-11	1.2014e-11	6.007e-12	-703.005	2466.25	7.56658	-12172	-3469.94	99.169	2564.51	1.28127e-06	0.00837214	256	0.197259	0	0	2.33735e+08
75	0	4.62439e-11	1.2014e-11	6.007e-12	-1749.29	-389.827	-5.53058	3293.13	-14778.3	43.0088	1792.2	5.0543e-06	0.00419428	256	0.197259	0	0	1.39506e+08
80	0	1.20564e-10	1.2014e-11	6.007e-12	336.988	-1894.39	1.62445	14386.7	2559.2	5.10337	1924.14	4.83218e-06	0.000913636	256	0.197259	0	0	5.51831e+07
83	0	8.18616e-11	1.2014e-11	6.007e-12	1459.98	-874.568	3.39787	7984.17	13326.9	-30.7704	1701.48	0.000243021	0.00281238	256	0.197259	0	0	7.61424e+07
103	0	7.06247e-11	1.2014e-11	6.007e-12	1572.26	-1127.28	2.68817	8491.34	11843.4	11.7504	1934.62	4.93523e-06	0.00160652	256	0.197259	0	0	9.4265e+07
132	0	3.70836e-11	1.2014e-11	6.007e-12	1587.39	-829.544	1.619	7014.37	13422.8	132.97	1791.09	4.12394e-06	0.00882594	256	0.197259	0	0	1.74182e+08
134	0	3.74162e-11	1.2014e-11	6.007e-12	-442.109	-1851.47	-9.001	14289.6	-3411.71	-79.7199	1903.56	8.04447e-06	0.00719757	256	0.197259	0	0	1.77539e+08
135	0	3.50152e-11	1.2014e-11	6.007e-12	-770.809	-2051.66	-5.18265	12816.6	-4815.35	92.4768	2191.68	5.72781e-06	0.00715629	256	0.197259	0	0	2.0222e+08
171	0	4.48723e-11	1.2014e-11	6.007e-12	-1752.12	-1375.3	4.31976	8385.75	-10683.2	21.1622	2227.41	5.18408e-06	0.00248778	256	0.197259	0	0	1.59983e+08
173	0	3.65974e-11	1.2014e-11	6.007e-12	1312.87	-1888.78	-10.6774	10974	7627.8	15.8038	2300.26	7.34688e-07	0.00479008	256	0.197259	0	0	1.99382e+08
176	0	3.97724e-11	1.2014e-11	6.007e-12	1659.86	509.143	-10.7705	-4511.03	14706.7	-64.6149	1736.26	3.76915e-05	0.00749165	256	0.197259	0	0	1.5943e+08
184	0	3.77817e-11	1.2014e-11	6.007e-12	164.042	2292.9	8.65529	-13334.8	954.112	-21.259	2298.77	8.9903e-07	0.00408722	256	0.197259	0	0	1.93383e+08
13	0	3.21779e-11	1.2014e-11	6.007e-12	829.364	-2774.89	6.26103	11411.4	3410.86	84.7715	2896.19	2.07895e-06	0.00743852	512	0.394518	0	0	2.54523e+08
16	0	3.16541e-11	1.2014e-11	6.007e-12	3116.22	-1045.18	19.3287	3554.94	10599.9	41.7971	3286.88	1.06816e-06	0.00696836	512	0.394518	0	0	2.74204e+08
36	0	3.39557e-11	1.2014e-11	6.007e-12	-2408.61	1669.68	-9.04333	-6745.35	-9730.69	-31.019	2930.76	9.51813e-07	0.00404782	512	0.394518	0	0	2.41033e+08
45	0	3.11275e-11	1.2014e-11	6.007e-12	-237.934	3722.09	-23.7509	-10474.1	-669.776	-34.8351	3729.76	3.30581e-07	0.00718106	512	0.394518	0	0	2.99026e+08
54	0	3.23031e-11	1.2014e-11	6.007e-12	1160.18	2968.93	15.0692	-10574.4	4132.03	29.3342	3187.59	3.2597e-07	0.00538751	512	0.394518	0	0	2.66608e+08
60	0	3.37182e-11	1.2014e-11	6.007e-12	-3239.85	-55.1731	-0.646683	191.722	-11258.6	36.5191	3240.34	5.6204e-06	0.0032493	512	0.394518	0	0	2.55868e+08
64	0	3.17075e-11	1.2014e-11	6.007e-12	-907.529	-2836.66	-16.1418	11186.4	-3578.42	-81.2984	2978.34	2.29602e-06	0.00879135	512	0.394518	0	0	2.61732e+08
82	0	3.15265e-11	1.2014e-11	6.007e-12	-2908.89	2281.64	6.23338	-6506.12	-8294.59	-54.3107	3696.97	1.40151e-06	0.00542077	512	0.394518	0	0	2.93655e+08
84	0	3.19798e-11	1.2014e-11	6.007e-12	2219.56	1675.02	23.6029	-7321.76	9702.51	-42.3519	2780.79	6.66682e-06	0.00917531	512	0.394518	0	0	2.5043e+08
85	0	3.19045e-11	1.2014e-11	6.007e-12	-1443.14	-2971.38	19.716	10031.8	-4872.24	-3.38596	3303.36	1.48136e-06	0.00597624	512	0.394518	0	0	2.72469e+08
139	0	3.23343e-11	1.2014e-11	6.007e-12	183.684	3030.21	-18.5489	-11612.1	703.865	-4.7515	3035.83	2.31677e-07	0.00612368	512	0.394518	0	0	2.58686e+08
27	0	3.16478e-11	1.2014e-11	6.007e-12	3751.63	2009.36	5.5215	-4638.93	8661.3	-31.3112	4255.86	2.61655e-06	0.00344073	1024	0.789037	0	0	3.11916e+08
56	0	3.11043e-11	1.2014e-11	6.007e-12	-4304.89	583.934	-19.2578	-1307.07	-9636.56	-18.6629	4344.35	9.76001e-07	0.00483044	1024	0.789037	0	0	3.22634e+08
159	0	9.21964e-11	1.2014e-11	6.007e-12	-797.288	-4192.86	0.356118	9638.71	-1832.83	0.99484	4267.99	3.38362e-07	0.000131314	1024	0.789037	0	0	1.07696e+08
