#ID	Type	M	WM	SWM	x	y	z	xv	vy	vz	a	e	i	N	dt	init_time	formation_time	P
1	1	7.15445e-08	0	0	-71.4409	3.25175	0.287423	-3271.03	-75652.9	-554.123	71.3837	0.00295211	0.00834057	2	0.00154109	0	0	17850.4
2	1	8.31118e-08	0	0	5.84608	-99.8164	-0.505228	63877.2	3684.97	-20.9645	99.6221	0.0037836	0.0050632	2	0.00154109	0	0	18298.6
8	1	7.04006e-08	0	0	53.6308	-43.3333	-0.158512	46336.4	61312.9	-54.5016	68.3485	0.0335963	0.002429	2	0.00154109	0	0	17837.8
34	0	1.74715e-08	0	0	2.32519	97.0653	0.222874	-65043.4	1585.29	124.379	97.1309	0.000572166	0.00298663	2	0.00154109	0	0	85386.2
40	0	1.48477e-08	0	0	-59.4578	50.095	0.148907	-46831.1	-55590.4	193.572	77.734	0.00018839	0.00328035	2	0.00154109	0	0	90219.9
77	0	1.52032e-08	0	0	-78.4978	18.0124	0.0229908	-15969.1	-69613	199.446	80.5323	9.32251e-05	0.00280709	2	0.00154109	0	0	90022.2
81	0	7.50169e-09	0	0	89.6447	6.71614	-0.973626	-4788.6	67438.6	-564.16	89.9239	0.00398997	0.0136458	2	0.00154109	0	0	192915
94	0	1.68717e-08	0	0	45.7376	80.4665	0.00811214	-57923.5	32932.6	90.9555	92.5729	0.000205324	0.00136786	2	0.00154109	0	0	86746.7
95	0	2.34644e-08	0	0	-41.2458	52.0836	0.20442	-63449.5	-47768.9	-424.743	67.7951	0.0315921	0.00623661	2	0.00154109	0	0	53124.9
120	0	1.76511e-08	0	0	33.2588	-93.3422	-0.572904	60530.7	21420.3	304.104	98.5382	0.00601235	0.00748165	2	0.00154109	0	0	85009.6
122	0	1.69285e-08	0	0	61.3623	-72.5869	0.210327	50104.8	42436.2	-79.2763	94.802	0.00276124	0.00251981	2	0.00154109	0	0	87327.6
130	0	1.63695e-08	0	0	-75.2283	50.1509	0.307169	-37251.2	-56140.2	163.265	90.3178	0.00239277	0.00417731	2	0.00154109	0	0	87653.1
147	0	8.70803e-09	0	0	-58.3061	68.3049	0.522093	-51376.3	-43877.2	222.174	89.6112	0.00220542	0.00667975	2	0.00154109	0	0	165439
151	0	1.55961e-08	0	0	52.9049	-67.5173	-0.330064	54474	42688.3	-587.181	85.7807	4.87921e-05	0.00931603	2	0.00154109	0	0	89845.3
156	0	2.8281e-08	0	0	-30.2574	62.8398	0.295544	-69400.3	-32739.5	850.239	69.7246	0.00799903	0.0118312	2	0.00154109	0	0	44657.9
162	0	1.43106e-08	0	0	-53.633	-52.6977	0.731805	51831.3	-52709.4	95.0239	75.2049	0.000411856	0.00981745	2	0.00154109	0	0	92256.1
172	0	1.4512e-08	0	0	46.8554	59.6471	0.140016	-57858.7	45479.1	-40.4492	75.8403	0.000329314	0.00192621	2	0.00154109	0	0	91544.1
189	0	1.53626e-08	0	0	-79.0732	22.3801	0.145599	-19251.2	-68033.5	-175.753	82.1748	8.47732e-05	0.00305242	2	0.00154109	0	0	89599.1
190	0	1.72799e-08	0	0	3.80838	96.1275	0.0341702	-65305.7	2609.42	-13.3093	96.2242	0.000404189	0.000409482	2	0.00154109	0	0	85963
192	0	1.58617e-08	0	0	-48.0111	-73.8585	0.894611	57257.6	-37228.2	-45.7972	88.109	0.000173664	0.0101773	2	0.00154109	0	0	89728.7
193	0	1.48352e-08	0	0	42.7849	-65.9059	0.0369704	60660.2	39367.7	-48.0489	78.5863	0.000191707	0.00081421	2	0.00154109	0	0	90408.1
194	0	3.96485e-08	0	0	67.6982	-41.3544	-0.672923	37526.3	61413.5	240.51	79.3485	0.000223585	0.00911726	2	0.00154109	0	0	33967.1
200	0	1.69529e-08	0	0	-90.982	23.9379	-0.29751	-16951.3	-63942.4	-356.656	94.2726	0.00278772	0.00624536	2	0.00154109	0	0	87173.9
37	0	1.81923e-08	0	0	-34.6063	-97.1936	0.0325942	59446.3	-21161.7	-160.185	103.156	0.000158824	0.00255812	2	0.00154109	0	0	84454.9
39	0	2.0242e-08	0	0	73.046	96.5839	-0.310282	-46452	35123.1	-103.362	121.047	0.000417029	0.00311712	4	0.00308217	0	0	82512
42	0	1.54148e-08	0	0	60.6108	-125.644	0.26052	48878.6	23576	-270.611	139.49	7.67462e-05	0.0053249	4	0.00308217	0	0	116620
49	0	1.82659e-08	0	0	81.4155	-73.0093	0.58092	40920.3	45633.6	-190.52	109.357	3.70326e-05	0.00615461	4	0.00308217	0	0	86941.6
55	0	1.72123e-08	0	0	-46.1115	-112.798	-0.170136	53769.2	-22067.9	315.177	122.101	0.00241226	0.00560139	4	0.00308217	0	0	97587.6
58	0	2.17558e-08	0	0	6.62895	137.953	-0.403241	-54478.3	2614.57	-100.92	138.111	5.53593e-05	0.0034567	4	0.00308217	0	0	82375.2
61	0	1.89111e-08	0	0	-7.88051	107.917	0.0447512	-61456.9	-4486.22	40.4137	108.205	2.83776e-05	0.000775353	4	0.00308217	0	0	83819.5
73	0	1.8661e-08	0	0	98.6	-110.032	-0.153058	39723.9	35083.3	-27.8608	149.251	0.0123937	0.00115834	4	0.00308217	0	0	98883.1
98	0	8.15283e-09	0	0	82.8156	-122.257	0.225856	43816.1	29674.3	-150.69	148.634	0.00651043	0.00323247	4	0.00308217	0	0	228177
101	0	1.89534e-08	0	0	113.855	-55.9707	0.596342	25103.3	51068.8	56.9142	126.863	6.17983e-05	0.00480569	4	0.00308217	0	0	90025.2
109	0	1.84178e-08	0	0	72.1202	-76.6431	-0.0664988	45500.4	42821.6	-226.329	105.242	7.25313e-05	0.00367705	4	0.00308217	0	0	84900.7
110	0	8.88325e-09	0	0	99.8876	-83.8516	1.01737	36101.6	42982.6	304.194	130.45	0.000380612	0.00949707	4	0.00308217	0	0	194633
114	0	1.76882e-08	0	0	112.598	-17.775	-0.718563	9360.34	59298.5	117.427	113.988	6.22031e-05	0.0066	4	0.00308217	0	0	91664.2
123	0	1.95175e-08	0	0	115.258	58.3001	0.00786504	-25456.7	50325.9	268.547	129.161	2.21983e-05	0.00476199	4	0.00308217	0	0	88318.9
126	0	2.24633e-08	0	0	-64.4175	-120.846	-0.0189226	48334.6	-25767.8	-34.0311	136.945	4.85177e-05	0.000636471	4	0.00308217	0	0	79297.3
127	0	8.41045e-08	0	0	-19.7157	143.677	-0.0476279	-52931.9	-6946.16	32.6844	145.899	0.00840868	0.000696469	4	0.00308217	0	0	21940.3
133	0	1.99823e-08	0	0	19.4487	114.508	-0.146021	-58621.3	9966.9	41.8163	116.098	0.000467176	0.00144062	4	0.00308217	0	0	81911.5
163	0	6.61217e-09	0	0	-60.3923	-134.509	0.511852	48439.4	-21472.8	257.41	148.566	0.00890728	0.00598437	4	0.00308217	0	0	278363
164	0	1.86008e-08	0	0	106.275	-6.46678	0.0675514	3771.37	62005.8	76.6727	106.475	4.27961e-05	0.00138779	4	0.00308217	0	0	84044.5
177	0	2.12111e-08	0	0	67.2995	112.289	-0.309812	-48036	28797.8	-45.6607	130.846	0.000526332	0.00250296	4	0.00308217	0	0	81975.8
182	0	1.3048e-08	0	0	82.7877	-81.9663	-1.06589	41812.6	42182.7	-79.0369	116.544	0.000679841	0.00924446	4	0.00308217	0	0	125913
183	0	4.51991e-08	0	0	-88.9141	-115.768	-0.0690239	42708.1	-32037.3	97.299	147.853	0.017042	0.00187772	4	0.00308217	0	0	40665.7
186	0	1.82217e-08	0	0	-48.6487	109.968	-0.273697	-53439.1	-23664.6	268.151	120.218	0.000460707	0.00512088	4	0.00308217	0	0	91862.3
187	0	1.75212e-08	0	0	-8.61044	132.106	0.649567	-55590.9	-3625.83	-132.902	132.392	6.52474e-05	0.00545567	4	0.00308217	0	0	99189.5
195	0	2.02849e-08	0	0	-67.249	-102.362	-0.606069	48414.4	-31888.7	-51.5294	122.709	0.00222853	0.00502658	4	0.00308217	0	0	82940.8
7	1	4.42694e-08	0	0	-21.8025	-224.445	0.787325	42482.3	-4127.38	364.972	225.498	4.9734e-05	0.00923592	8	0.00616435	0	0	51529.1
9	1	4.74546e-08	0	0	-209.228	56.3795	1.13054	-11327.7	-42042.7	286.767	216.692	1.34304e-05	0.00840201	8	0.00616435	0	0	46930
19	0	3.14572e-09	0	0	-48.7112	-171.761	1.06911	46150.9	-13086.9	-138.714	178.537	4.68971e-05	0.0066497	8	0.00616435	0	0	642372
21	0	4.08473e-09	0	0	44.1091	166.25	-0.895973	-47238.5	12533.6	192.967	172.004	1.3448e-05	0.00653628	8	0.00616435	0	0	486062
25	0	1.15383e-09	0	0	227.986	9.71013	-1.00587	-1805.71	42390.8	36.9545	228.167	0.000121517	0.00449316	8	0.00616435	0	0	1.99782e+06
29	0	3.07507e-08	0	0	147.265	175.559	0.30682	-32445	27207.9	13.9253	229.142	0.000148854	0.00137881	8	0.00616435	0	0	74358.8
31	0	1.2747e-08	0	0	140.087	-112.42	0.457986	29933.5	37301.9	101.807	179.626	4.45204e-05	0.00332154	8	0.00616435	0	0	160287
41	0	1.90204e-08	0	0	-105.573	-128.693	-0.260354	38410	-31510.7	124.37	166.457	1.82125e-05	0.00295183	8	0.00616435	0	0	102844
50	0	2.0829e-09	0	0	169.428	-150.213	-0.645207	28255.8	31877.3	183.617	226.44	0.000131093	0.00516692	8	0.00616435	0	0	1.09808e+06
67	0	8.7318e-09	0	0	45.1245	-201.651	-0.36292	43512.8	9731.92	-18.4445	206.619	0.000149948	0.00180432	8	0.00616435	0	0	249876
70	0	7.45668e-10	0	0	-213.159	14.6959	-1.04015	-3019.12	-43745.4	318.636	213.669	3.74548e-05	0.00874661	8	0.00616435	0	0	2.96548e+06
71	0	3.79491e-10	0	0	-90.0175	-220.201	-1.23506	38467.2	-15722.9	-294.374	237.89	2.18915e-05	0.00878254	8	0.00616435	0	0	6.19847e+06
78	0	5.48818e-10	0	0	179.762	125.507	-0.344261	-24780.7	35494.8	352.475	219.252	5.27608e-05	0.00829219	8	0.00616435	0	0	4.10048e+06
92	0	7.67198e-10	0	0	-80.9663	181.662	-1.84065	-41512.5	-18503.5	-149.419	198.9	1.5041e-05	0.00982105	8	0.00616435	0	0	2.79816e+06
93	0	2.4815e-09	0	0	-172.455	-97.7267	1.05063	22445	-39611	81.8421	198.236	7.45342e-05	0.00559673	8	0.00616435	0	0	860974
97	0	5.99689e-09	0	0	-73.124	174.774	0.770735	-42961.7	-17970.8	66.2838	189.461	9.05339e-05	0.00430986	8	0.00616435	0	0	347603
99	0	5.82756e-10	0	0	210.081	-14.209	1.72385	2977.73	44071	228.448	210.568	2.63681e-05	0.00968369	8	0.00616435	0	0	3.77429e+06
102	0	6.45072e-08	0	0	-63.1295	-197.9	0.0581684	42373	-13511.6	20.5045	207.741	0.000136743	0.000539441	8	0.00616435	0	0	33867.7
118	0	1.347e-09	0	0	-133.504	-151.527	-0.808779	33843.4	-29815.6	-267.438	201.951	1.36306e-05	0.00715518	8	0.00616435	0	0	1.60035e+06
119	0	3.48233e-08	0	0	190.642	24.3102	0.198804	-5848.38	45864.6	10.1704	192.183	1.69115e-05	0.00105756	8	0.00616435	0	0	60247.4
141	0	8.8829e-10	0	0	-133.487	162.346	1.22826	-34150.8	-28080.8	-222.625	210.193	6.67569e-05	0.00771375	8	0.00616435	0	0	2.48496e+06
146	0	4.42415e-10	0	0	-110.617	146.173	-0.157218	-37755.1	-28555.9	74.5677	183.277	0.000317589	0.00179376	8	0.00616435	0	0	4.64417e+06
150	0	7.06779e-08	0	0	-177.682	-101.667	-0.0465364	22246.7	-38888.3	18.2253	204.736	0.000147417	0.000466022	8	0.00616435	0	0	30745.1
167	0	8.40138e-08	0	0	-166.692	-78.163	-0.0123308	20055.5	-42771.4	-2.52349	184.109	8.5209e-06	8.56698e-05	8	0.00616435	0	0	24540.9
170	0	2.63622e-09	0	0	124.187	213.957	0.30874	-35245.6	20457.8	-111.631	247.387	2.45155e-06	0.00301015	8	0.00616435	0	0	904841
196	0	5.58846e-09	0	0	166.594	35.9756	-0.543162	-10364.6	47990.8	-241.404	170.433	1.31543e-05	0.00585934	8	0.00616435	0	0	353620
4	1	8.54299e-08	0	3.0035e-10	380.133	-46.1463	-0.0180833	3947.41	32517	20.4703	382.924	1.12199e-07	0.00062672	16	0.0123287	0	0	34856.2
6	1	5.73832e-08	0	3.0035e-10	-368.861	179.69	-0.408427	-13858.4	-28448.1	3.98856	410.301	3.90445e-08	0.00100338	16	0.0123287	0	0	53716.5
12	0	1.94552e-10	0	0	-193.248	-193.033	2.08102	27408.3	-27438.2	-181.427	273.143	5.28963e-05	0.00894012	16	0.0123287	0	0	1.29589e+07
14	0	9.14117e-10	0	3.0035e-13	-90.955	312.006	0.291219	-34134.6	-9950.69	-77.1391	324.993	1.8504e-06	0.00234731	16	0.0123287	0	0	2.98422e+06
24	0	4.70917e-10	0	0	-285.352	-140.316	0.131687	15859.2	-32257.3	-149.696	317.989	6.60156e-05	0.00418513	16	0.0123287	0	0	5.77811e+06
26	0	5.23575e-10	0	0	189.172	-238.733	-0.0671502	28784.8	22809.2	137.148	304.597	3.62139e-07	0.0037408	16	0.0123287	0	0	5.04748e+06
33	0	3.2235e-10	0	3.0035e-13	326.816	134.616	0.556268	-12985	31524.2	99.2266	353.455	1.01573e-07	0.00330866	16	0.0123287	0	0	8.80372e+06
46	0	2.10534e-10	0	0	-213.223	214.555	1.47767	-26141.2	-25977.9	-164.282	302.49	5.09227e-07	0.00661319	16	0.0123287	0	0	1.2582e+07
66	0	4.27128e-10	0	0	286.285	-47.1694	-0.608023	6117.97	37129.7	160.458	290.153	2.76301e-05	0.00475115	16	0.0123287	0	0	6.07632e+06
90	0	8.07646e-11	0	3.0035e-13	-257.116	301.033	2.85602	-24495.9	-20921.7	-59.8134	395.903	2.82337e-06	0.00744915	16	0.0123287	0	0	3.73579e+07
105	0	2.76189e-10	0	0	-233.942	153.613	-1.78572	-21029.4	-32027.4	-95.713	279.872	3.22328e-06	0.00685213	16	0.0123287	0	0	9.21052e+06
116	0	6.00199e-11	0	3.0035e-13	-154.626	-352.005	1.03477	29927.8	-13148.6	-313.394	384.483	4.61915e-05	0.00995765	16	0.0123287	0	0	4.97393e+07
124	0	2.18507e-10	0	3.0035e-13	-94.4018	-369.431	0.718975	31802.8	-8127.93	68.8024	381.296	4.48286e-05	0.0028193	16	0.0123287	0	0	1.35755e+07
144	0	2.68117e-10	0	0	90.9145	287.199	1.27956	-35208.2	11144.7	140.523	301.247	1.89184e-06	0.00570267	16	0.0123287	0	0	9.84735e+06
148	0	1.28657e-09	0	0	-122.426	-241.426	0.584245	34747.1	-17620.3	-81.6541	270.704	3.68951e-05	0.0030085	16	0.0123287	0	0	1.94971e+06
153	0	1.00935e-07	0	0	-60.2009	254.759	-0.0387516	-38554.8	-9110.53	-4.85356	261.773	1.03075e-05	0.000192154	16	0.0123287	0	0	24260.4
154	0	8.13652e-11	0	3.0035e-13	279.895	-245.027	1.60127	21890.5	25003.9	-250.435	371.997	2.03685e-06	0.00867855	16	0.0123287	0	0	3.61574e+07
160	0	6.85439e-11	0	3.0035e-13	315.226	-247.145	0.784157	19760	25202.5	-275.11	400.56	5.71674e-07	0.00881044	16	0.0123287	0	0	4.45134e+07
161	0	3.85088e-08	0	0	230.577	-144.285	0.108325	20615.8	32946.3	-14.0483	271.995	2.09657e-05	0.000537831	16	0.0123287	0	0	65302.3
185	0	2.82539e-10	0	0	309.263	0.150874	-1.46883	-18.0994	36448.2	-67.5988	309.267	1.97003e-07	0.00509868	16	0.0123287	0	0	9.50111e+06
3	1	3.2472e-08	0	3.0035e-09	-90.7353	-510.777	-2.71444	27708	-4922.08	-3.7622	518.781	4.09673e-08	0.00523408	32	0.0246574	0	0	106851
11	0	3.4162e-10	0	3.0035e-12	-223.972	-396.642	-0.711211	26151.6	-14767	-2.80797	455.509	6.11708e-08	0.00156415	32	0.0246574	0	0	9.53683e+06
17	0	6.23491e-11	0	3.0035e-13	127.438	398.082	-0.114983	-29858	9558.51	283.416	417.982	2.17899e-06	0.00904413	32	0.0246574	0	0	4.98534e+07
28	0	6.09941e-11	0	3.0035e-12	275.039	335.907	1.58358	-23801.9	19487.6	235.311	434.146	2.48329e-06	0.00847447	32	0.0246574	0	0	5.17988e+07
38	0	5.72786e-11	0	3.0035e-12	-450.786	214.65	-0.208402	-12332.3	-25899.2	-184.084	499.282	3.23689e-07	0.00643081	32	0.0246574	0	0	5.89311e+07
43	0	7.88566e-11	0	3.0035e-12	-539.151	-137.019	0.538647	6693.71	-26339.1	-77.0937	556.29	1.74016e-08	0.00299748	32	0.0246574	0	0	4.54685e+07
48	0	8.788e-11	0	3.0035e-12	148.035	-509.142	-0.213149	26729.4	7771.63	83.0511	530.227	2.69326e-06	0.0030105	32	0.0246574	0	0	3.95623e+07
57	0	5.78964e-11	0	3.0035e-13	-341.46	257.319	-2.62607	-18654.3	-24756.4	-227.682	427.568	9.39007e-07	0.00957462	32	0.0246574	0	0	5.43503e+07
62	0	4.15786e-11	6.007e-12	6.007e-12	102.677	-587.035	4.88944	25863.6	4523.68	-5.98426	595.967	1.97906e-08	0.00820747	32	0.0246574	0	0	8.93121e+07
65	0	4.52829e-11	0	3.0035e-12	-499.296	-91.5468	-1.04674	5130.99	-27981.5	-278.465	507.618	4.6835e-06	0.0100031	32	0.0246574	0	0	7.55162e+07
74	0	2.88485e-10	0	3.0035e-12	403.835	230.913	0.132095	-14751.7	25798.8	-48.3931	465.192	1.08824e-08	0.00165295	32	0.0246574	0	0	1.13389e+07
88	0	5.05828e-11	0	3.0035e-12	189.549	-514.105	-2.49437	25692.1	9472.03	115.85	547.94	7.53476e-07	0.00621474	32	0.0246574	0	0	7.05774e+07
96	0	4.89119e-11	6.007e-12	6.007e-12	-603.113	-25.2487	2.64192	1091.51	-26065.8	69.3991	603.647	3.09237e-07	0.00512162	32	0.0246574	0	0	7.66052e+07
100	0	4.08435e-11	1.2014e-11	6.007e-12	-356.523	-546.575	0.665755	21015.6	-13707.9	170.547	652.574	1.97443e-07	0.00687316	32	0.0246574	0	0	9.43922e+07
106	0	4.96701e-11	0	3.0035e-12	-320.828	482.513	-0.226998	-22173.5	-14743.5	-147.479	579.439	3.7893e-09	0.00555233	32	0.0246574	0	0	7.38048e+07
107	0	7.9495e-11	0	3.0035e-12	-279.788	-466.08	-0.631988	23570.7	-14149.4	-80.9784	543.61	6.30267e-08	0.0031667	32	0.0246574	0	0	4.45872e+07
117	0	4.27738e-11	6.007e-12	6.007e-12	557.631	-274.71	4.14973	11361	23061.8	17.5948	621.64	6.70883e-07	0.00671051	32	0.0246574	0	0	8.85145e+07
129	0	6.11578e-11	0	3.0035e-12	465.62	-268.929	-2.53095	13825.1	23936.3	13.3733	537.707	5.38584e-06	0.00473173	32	0.0246574	0	0	5.72226e+07
143	0	4.45788e-11	6.007e-12	6.007e-12	-576.334	-146.205	-4.0283	6463.57	-25479.3	8.69681	594.603	5.56397e-08	0.0067829	32	0.0246574	0	0	8.2725e+07
145	0	5.41492e-10	0	3.0035e-12	458.407	-13.6229	-0.286756	889.056	29917.9	-30.3063	458.61	1.38486e-06	0.00119004	32	0.0246574	0	0	6.0044e+06
165	0	8.74316e-11	6.007e-12	6.007e-12	202.746	-594.14	-1.18262	24211.4	8261.96	8.39976	627.782	8.5494e-09	0.0019122	32	0.0246574	0	0	4.34505e+07
174	0	1.98596e-09	0	3.0035e-12	-121.6	-473.038	0.25618	28090.1	-7220.91	1.175	488.418	1.01904e-06	0.000526073	32	0.0246574	0	0	1.69622e+06
179	0	1.02929e-10	0	3.0035e-12	62.8678	-489.134	1.44874	28628.1	3679.44	-29.567	493.16	2.11508e-08	0.00311116	32	0.0246574	0	0	3.28478e+07
181	0	8.03368e-11	0	3.0035e-12	33.1946	556.848	1.60811	-27090.6	1614.87	15.0992	557.839	1.62559e-08	0.00293595	32	0.0246574	0	0	4.43832e+07
198	0	7.84341e-11	6.007e-12	6.007e-12	-249.551	542.17	-1.3838	-23833.4	-10970	24.1974	596.847	2.06485e-08	0.00249522	32	0.0246574	0	0	4.72058e+07
10	1	3.14486e-08	1.2014e-08	6.007e-09	-678.383	-120.128	2.27117	4258.3	-24046.2	61.8579	688.941	1.21658e-08	0.00415741	64	0.0493148	0	0	126351
18	0	4.0118e-11	1.2014e-11	6.007e-12	-683.981	-268.141	-0.0647083	8631.18	-22016.6	-124.218	734.663	2.49353e-07	0.00525348	64	0.0493148	0	0	1.02314e+08
20	0	3.97791e-11	1.2014e-11	6.007e-12	74.8581	727.42	-3.79631	-23578.5	2426.66	42.4959	731.271	2.4131e-08	0.00549228	64	0.0493148	0	0	1.02952e+08
22	0	3.47579e-11	1.2014e-11	6.007e-12	814.116	42.6666	6.31551	-1174.59	22418.2	-40.9279	815.257	2.62893e-10	0.00795838	64	0.0493148	0	0	1.25003e+08
23	0	2.51705e-10	1.2014e-11	6.007e-12	481.404	562.983	-0.315481	-17899.4	15305.7	6.23806	740.743	1.92863e-08	0.000501545	64	0.0493148	0	0	1.64149e+07
32	0	3.56177e-11	1.2014e-11	6.007e-12	710.338	-243.883	-4.05555	7595.62	22120.6	154.639	751.05	8.2362e-07	0.00853662	64	0.0493148	0	0	1.16808e+08
44	0	5.54794e-11	1.2014e-11	6.007e-12	-448.572	671.882	0.160767	-18755.6	-12521.9	40.2056	807.862	4.80328e-09	0.00179391	64	0.0493148	0	0	7.79379e+07
47	0	3.27283e-11	1.2014e-11	6.007e-12	153.757	-1023.87	2.7544	19699.2	2957.91	-130.426	1035.36	4.3515e-09	0.00706725	64	0.0493148	0	0	1.49872e+08
63	0	3.25376e-11	1.2014e-11	6.007e-12	129.906	-946.886	9.08681	20540.5	2818.21	21.7752	955.799	6.85494e-09	0.00956501	64	0.0493148	0	0	1.43753e+08
104	0	3.53224e-11	1.2014e-11	6.007e-12	-671.684	-444.32	-4.157	12461.7	-18837.3	-120.924	805.355	1.40601e-08	0.00743688	64	0.0493148	0	0	1.21766e+08
108	0	3.5727e-11	1.2014e-11	6.007e-12	-169.757	686.707	-5.97366	-23394.8	-5784.39	-124.333	707.403	5.2119e-07	0.00989591	64	0.0493148	0	0	1.13e+08
112	0	5.16029e-11	1.2014e-11	6.007e-12	-608.061	-732.712	-0.0927115	15985	-13265.6	27.4644	952.158	2.10887e-08	0.00132573	64	0.0493148	0	0	9.02897e+07
121	0	3.9726e-11	1.2014e-11	6.007e-12	-11.781	781.679	-1.31513	-22922	-345.302	96.9686	781.768	1.24838e-08	0.00455213	64	0.0493148	0	0	1.07223e+08
136	0	3.87211e-11	1.2014e-11	6.007e-12	-486.109	-573.049	-2.63336	17831.2	-15125.4	-103.651	751.462	7.19143e-07	0.00565073	64	0.0493148	0	0	1.07328e+08
140	0	4.1171e-11	1.2014e-11	6.007e-12	10.065	664.394	4.017	-24862.9	376.354	48.0944	664.483	2.55404e-07	0.00634722	64	0.0493148	0	0	9.45759e+07
142	0	3.25724e-11	1.2014e-11	6.007e-12	-1026.58	39.8079	7.72193	-775.12	-19982.6	-32.7736	1027.38	6.93468e-10	0.00769284	64	0.0493148	0	0	1.49454e+08
155	0	6.92683e-11	1.2014e-11	6.007e-12	-543.23	452.05	0.0718087	-15422.8	-18533.6	-44.0277	706.716	4.12064e-07	0.00182884	64	0.0493148	0	0	5.83964e+07
168	0	5.01867e-11	1.2014e-11	6.007e-12	394.234	595.014	1.61026	-20000.3	13251.4	49.8746	713.769	1.94997e-06	0.00306773	64	0.0493148	0	0	8.08567e+07
180	0	3.29514e-11	1.2014e-11	6.007e-12	-993.035	-0.785842	-7.21386	15.951	-20340.2	20.0021	993.061	2.40622e-09	0.00733059	64	0.0493148	0	0	1.45866e+08
188	0	3.51367e-11	1.2014e-11	6.007e-12	711.886	278.826	-1.49694	-8454.27	21584	-199.695	764.544	2.35363e-08	0.0088342	64	0.0493148	0	0	1.19654e+08
191	0	5.11716e-11	1.2014e-11	6.007e-12	692.565	-88.8577	-2.12584	3087.02	24060	14.0501	698.247	3.02733e-06	0.00309916	64	0.0493148	0	0	7.82254e+07
35	0	3.17608e-11	1.2014e-11	6.007e-12	1054.67	-398.597	-9.26565	6748.94	17856.1	55.1135	1127.51	2.31563e-09	0.00871032	128	0.0986296	0	0	1.60243e+08
51	0	3.19554e-11	1.2014e-11	6.007e-12	934.747	995.487	-5.27102	-12644.7	11873.4	43.288	1365.57	4.07089e-09	0.00459647	128	0.0986296	0	0	1.76179e+08
68	0	3.08073e-11	1.2014e-11	6.007e-12	-583.14	1327.13	13.5455	-15412.8	-6771.98	-35.0607	1449.66	5.3054e-09	0.00957334	128	0.0986296	0	0	1.88366e+08
69	0	3.08315e-11	1.2014e-11	6.007e-12	-772.26	-1283.42	-12.362	14190.8	-8538.53	-33.6735	1497.9	3.89154e-08	0.00849971	128	0.0986296	0	0	1.911e+08
76	0	3.16227e-11	1.2014e-11	6.007e-12	-629.437	-923.135	-4.46035	15842.5	-10803	169.476	1117.31	4.44747e-09	0.00969787	128	0.0986296	0	0	1.6016e+08
79	0	3.44961e-11	1.2014e-11	6.007e-12	-1311.3	543.597	1.97676	-6514.98	-15715.8	-20.4181	1419.51	3.36763e-09	0.00183838	128	0.0986296	0	0	1.65621e+08
86	0	3.08676e-11	1.2014e-11	6.007e-12	594.003	-1537.85	5.23166	14725.9	5688.25	84.5981	1648.59	6.98321e-08	0.00622804	128	0.0986296	0	0	2.00726e+08
89	0	3.20964e-11	1.2014e-11	6.007e-12	-1280.96	778.566	-1.80245	-8598.74	-14147.2	51.4416	1499.01	2.89478e-08	0.00333178	128	0.0986296	0	0	1.83299e+08
91	0	3.12318e-11	1.2014e-11	6.007e-12	-941.699	-888.777	0.451052	12225.7	-12953.8	-151.992	1294.88	1.40309e-09	0.00854003	128	0.0986296	0	0	1.74585e+08
131	0	3.27146e-11	1.2014e-11	6.007e-12	-89.5036	-1255.99	0.749297	18017.6	-1284	-74.721	1259.18	3.76617e-09	0.00417918	128	0.0986296	0	0	1.64482e+08
137	0	4.26556e-11	1.2014e-11	6.007e-12	-986.2	857.454	1.14971	-11633.9	-13380.7	-0.123459	1306.84	3.72529e-09	0.000879791	128	0.0986296	0	0	1.28427e+08
138	0	3.21903e-11	1.2014e-11	6.007e-12	1191.9	416.545	6.17194	-5951.12	17028.9	-25.7771	1262.61	5.06796e-09	0.00509285	128	0.0986296	0	0	1.68181e+08
152	0	3.09533e-11	1.2014e-11	6.007e-12	-1472.19	43.4503	10.0247	-493.147	-16694.4	-62.9122	1472.87	7.98325e-09	0.00777915	128	0.0986296	0	0	1.88006e+08
157	0	3.44363e-11	1.2014e-11	6.007e-12	-758.991	-773.188	-4.15456	13896.5	-13641.5	17.745	1083.47	4.18291e-09	0.0039413	128	0.0986296	0	0	1.44285e+08
197	0	3.1772e-10	1.2014e-11	6.007e-12	-390.49	-1021.94	-0.0710721	18102.6	-6917.14	-2.56117	1094	4.89063e-08	0.000147265	128	0.0986296	0	0	1.58785e+07
5	1	3.01305e-08	1.2014e-08	6.007e-09	366.297	1666.62	-1.26965	-15154.9	3330.87	78.2571	1706.4	8.56587e-08	0.00509798	256	0.197259	0	0	208125
15	0	3.02541e-11	1.2014e-11	6.007e-12	-1691.31	-1516.21	21.5126	8976.97	-10014.2	-35.2975	2271.54	1.06944e-09	0.00982761	256	0.197259	0	0	2.38919e+08
30	0	3.03712e-11	1.2014e-11	6.007e-12	1517.62	-2071.83	-7.8352	10203.6	7474.03	42.6449	2568.21	8.49479e-09	0.00454704	256	0.197259	0	0	2.54149e+08
53	0	3.02202e-11	1.2014e-11	6.007e-12	-2439.4	-790.968	19.8115	3903.68	-12040.2	-40.8012	2564.51	1.01794e-08	0.00837092	256	0.197259	0	0	2.53221e+08
75	0	3.10288e-11	1.2014e-11	6.007e-12	460.238	-1732.08	5.1053	14633	3888.33	45.97	1792.19	2.25258e-07	0.00416329	256	0.197259	0	0	2.07915e+08
80	0	3.39406e-11	1.2014e-11	6.007e-12	382.596	-1885.71	1.61825	14320.8	2905.57	4.87192	1924.13	4.95335e-09	0.000904704	256	0.197259	0	0	1.96022e+08
83	0	3.19178e-11	1.2014e-11	6.007e-12	1511.63	779.945	3.58562	-7125.52	13811.5	21.7569	1700.93	5.3861e-05	0.00253044	256	0.197259	0	0	1.95412e+08
103	0	3.21756e-11	1.2014e-11	6.007e-12	1923.81	204.22	3.04254	-1538.33	14491.5	-4.41783	1934.62	5.98903e-08	0.00160164	256	0.197259	0	0	2.06911e+08
132	0	3.04978e-11	1.2014e-11	6.007e-12	-1098.31	-1414.74	-15.831	11963.6	-9287.62	-13.0646	1791.1	2.32688e-07	0.00888086	256	0.197259	0	0	2.11794e+08
134	0	3.0519e-11	1.2014e-11	6.007e-12	1511.9	1156.55	0.407286	-8925.96	11668.5	105.884	1903.54	5.41452e-09	0.00721046	256	0.197259	0	0	2.17667e+08
135	0	3.03688e-11	1.2014e-11	6.007e-12	-1827.52	-1209.77	-12.8896	7557.23	-11416.9	55.7938	2191.7	1.2075e-09	0.00715503	256	0.197259	0	0	2.33156e+08
171	0	3.0952e-11	1.2014e-11	6.007e-12	1822.1	-1281.12	2.07882	7811.53	11110.1	-31.2962	2227.4	1.25807e-09	0.00248617	256	0.197259	0	0	2.31937e+08
173	0	3.04689e-11	1.2014e-11	6.007e-12	2299.45	-60.9446	-4.14922	354.192	13359.8	59.1937	2300.26	2.06923e-07	0.00478238	256	0.197259	0	0	2.39486e+08
176	0	3.06757e-11	1.2014e-11	6.007e-12	1204.99	-1249.92	2.34256	11074.8	10676.6	-106.307	1736.24	3.7509e-05	0.00704098	256	0.197259	0	0	2.06714e+08
184	0	3.05412e-11	1.2014e-11	6.007e-12	1875.54	1329.17	8.33755	-7730.09	10907.4	25.5692	2298.78	2.03304e-07	0.00410034	256	0.197259	0	0	2.39226e+08
13	0	3.01825e-11	1.2014e-11	6.007e-12	-1806.38	-2263.79	-13.368	9309.5	-7428.88	69.4752	2896.2	3.02816e-09	0.00743847	512	0.394518	0	0	2.71349e+08
16	0	3.01471e-11	1.2014e-11	6.007e-12	-1451.21	2949.16	-4.86781	-10031.2	-4936.27	-76.1197	3286.88	1.28466e-09	0.00696767	512	0.394518	0	0	2.87914e+08
36	0	3.03004e-11	1.2014e-11	6.007e-12	382.962	2905.64	2.69452	-11738.4	1547.17	-46.6743	2930.77	2.07759e-09	0.00404788	512	0.394518	0	0	2.70109e+08
45	0	3.0111e-11	1.2014e-11	6.007e-12	-3484.24	1330.7	-21.1352	-3744.83	-9804.58	46.2975	3729.76	3.31696e-09	0.00718124	512	0.394518	0	0	3.0912e+08
54	0	3.0191e-11	1.2014e-11	6.007e-12	2816	-1493.58	-9.91721	5319.7	10029.5	49.9367	3187.59	2.21252e-09	0.00538766	512	0.394518	0	0	2.85262e+08
60	0	3.02849e-11	1.2014e-11	6.007e-12	-2096.9	-2470.4	7.46619	8584.67	-7286.68	25.7987	3240.36	2.01003e-09	0.00324936	512	0.394518	0	0	2.84872e+08
64	0	3.01507e-11	1.2014e-11	6.007e-12	637.994	2909.14	17.9947	-11472.3	2515.49	75.0071	2978.33	1.88782e-09	0.00879148	512	0.394518	0	0	2.7525e+08
82	0	3.01384e-11	1.2014e-11	6.007e-12	-3542.78	1056.58	-1.1775	-3012.76	-10102.1	-57.0432	3696.98	4.29066e-09	0.00542047	512	0.394518	0	0	3.07179e+08
84	0	3.01692e-11	1.2014e-11	6.007e-12	195.505	2773.91	8.21092	-12124.5	854.851	-105.59	2780.81	1.73094e-09	0.00917514	512	0.394518	0	0	2.65455e+08
85	0	3.01641e-11	1.2014e-11	6.007e-12	3298.46	-179.829	-8.55465	606.949	11135.6	-60.0728	3303.37	5.57527e-10	0.00597679	512	0.394518	0	0	2.88189e+08
139	0	3.01931e-11	1.2014e-11	6.007e-12	-2161.19	-2131.99	12.9694	8169.97	-8281.55	51.034	3035.83	2.43273e-09	0.00612339	512	0.394518	0	0	2.77031e+08
27	0	3.01466e-11	1.2014e-11	6.007e-12	-411.897	-4235.89	8.19837	9779.22	-950.873	28.0111	4255.88	5.80602e-08	0.00344072	1024	0.789037	0	0	3.27445e+08
56	0	3.01094e-11	1.2014e-11	6.007e-12	1440.18	-4098.69	1.34259	9174.79	3223.81	46.8779	4344.35	2.12959e-09	0.00483036	1024	0.789037	0	0	3.33294e+08
159	0	3.29966e-11	1.2014e-11	6.007e-12	1132.31	-4115.05	0.515516	9459.83	2602.99	0.516545	4267.99	5.21456e-08	0.000131761	1024	0.789037	0	0	3.00915e+08
