#ID	Type	M	WM	SWM	x	y	z	xv	vy	vz	a	e	i	N	dt	init_time	formation_time	P
1	1	1.31475e-07	0	0	-58.5673	37.9979	0.225605	-42410.6	-64606.7	-312.206	70.8718	0.0158535	0.0051868	2	0.00154109	0	0	9747.17
2	1	2.34711e-07	0	0	-14.0327	100.52	-0.111574	-61283.1	-10583.6	-163.25	97.1656	0.0550143	0.00287996	2	0.00154109	0	0	6363.93
81	0	7.50183e-09	0	0	23.1759	-72.7854	-0.434906	73703.2	23518.7	85.3898	86.0997	0.112806	0.00579878	2	0.00154109	0	0	187524
94	0	1.06331e-07	0	0	1.31846	-84.7007	-0.169778	70084.2	-7061.05	-30.2369	86.7061	0.117953	0.00201402	2	0.00154109	0	0	13365.8
130	0	6.91167e-08	0	0	71.2187	-9.0876	-0.0348024	18562.4	77981.4	119.749	81.8543	0.162124	0.00162821	2	0.00154109	0	0	19855.3
151	0	7.84564e-08	0	0	-85.9599	35.6122	-0.133215	-21644	-57683.8	119.369	81.5929	0.14429	0.0023712	2	0.00154109	0	0	17404
162	0	5.48615e-08	0	0	-44.708	-60.5269	-0.245082	54986.4	-48258.2	-136.692	73.7949	0.086297	0.0036289	2	0.00154109	0	0	23881.1
189	0	4.79479e-08	0	0	34.0603	-69.0408	-0.963681	63342	39074.1	341.503	80.0319	0.101641	0.0129767	2	0.00154109	0	0	28256.6
190	0	4.22544e-08	0	0	83.7603	-41.9041	0.813089	32826.6	57536.3	-125.358	93.6915	0.054552	0.00899887	2	0.00154109	0	0	34615.6
192	0	9.85941e-08	0	0	64.5739	-16.0789	-0.231142	26385	79963.2	525.815	78.1474	0.165769	0.00738903	2	0.00154109	0	0	13612.8
200	0	5.85343e-08	0	0	-79.5811	50.0631	0.148359	-34966.4	-56667.7	143.712	95.4154	0.0170135	0.0026847	2	0.00154109	0	0	25234.5
61	0	6.53628e-08	0	0	-62.7239	-74.5755	0.976859	53124.2	-41491.3	974.18	105.69	0.0858499	0.0178943	2	0.00154109	0	0	24009
49	0	3.40302e-08	0	0	114.102	11.7356	-1.01674	-6345.06	57413.4	-163.444	107.36	0.0688583	0.00932511	2	0.00154109	0	0	46247.7
114	0	2.00745e-08	0	0	57.7857	101.304	-0.670299	-51991.9	27071.3	-172.019	113.826	0.045522	0.00655738	2	0.00154109	0	0	81001.3
127	0	7.70055e-07	0	0	74.6808	-83.8773	-0.679083	40368.7	47155.9	37.7372	118.633	0.144889	0.00605029	2	0.00154109	0	132291	2166.21
123	0	3.91425e-08	0	0	24.0389	-133.936	2.50152	52023.5	12413.8	-6.43066	129.32	0.0770969	0.0184043	2	0.00154109	0	0	43941.5
58	0	4.08521e-08	0	0	-134.042	-47.8034	-0.101866	20658.5	-47450.3	583.586	132.731	0.0990428	0.0112761	2	0.00154109	0	0	42827.9
42	0	2.62631e-08	0	0	-28.7839	132.691	-0.694144	-53607.7	-5757.37	270.815	130.645	0.113343	0.0075816	2	0.00154109	0	0	66414.7
110	0	1.93392e-08	0	0	1.63187	120.321	-0.7052	-58867.9	6246.39	-205.469	123.599	0.0957246	0.0065583	2	0.00154109	0	0	87746.6
55	0	3.12647e-07	0	0	82.2303	-77.9139	-0.257599	42389.2	40673.7	-206.558	108.048	0.0678539	0.00410011	2	0.00154109	0	178926	5038.44
183	0	4.52017e-08	0	0	-131.185	84.1284	0.232568	-24782.7	-42589.8	-183.625	144.435	0.0899732	0.00395755	2	0.00154109	0	0	40224.8
98	0	8.15283e-09	0	0	145.961	12.5254	0.126297	-3333.19	53228.5	383.186	148.619	0.0271244	0.00721837	2	0.00154109	0	0	228222
163	0	6.62181e-09	0	0	119.982	77.7853	0.30192	-30092.4	45366.5	2.91971	147.634	0.0331549	0.00211283	2	0.00154109	0	0	278255
195	0	4.75804e-08	0	0	-98.3185	57.7777	-7.15611	-35846.2	-51974.9	-1526.07	128.283	0.131606	0.0656702	2	0.00154109	0	0	35901.9
201	1	1.32264e-07	0	0	109.784	-112.328	-0.232162	36829.4	35728.4	129.117	158.105	0.00754051	0.00292308	4	0.00308217	34298.6	0	14456.8
7	1	1.07791e-07	0	0	214.057	-29.8546	-0.140744	6946.76	43843.3	164.262	224.337	0.0410186	0.0037698	8	0.00616435	0	0	21148.4
9	1	1.70781e-07	0	0	-194.397	101.508	-0.376501	-22239.5	-36759.1	44.5606	216.118	0.0645243	0.00206488	8	0.00616435	0	0	13121.6
19	0	4.48591e-08	0	0	-117.864	129.125	-0.399978	-35293.2	-33997.6	-178.264	178.742	0.0346415	0.00435058	8	0.00616435	0	0	45488.8
21	0	2.54508e-08	0	0	-165.831	-45.397	0.583326	13287.5	-47017	-243.302	171.761	0.00829726	0.00600268	8	0.00616435	0	0	78257.2
25	0	2.1185e-09	0	0	17.3043	219.043	-2.5865	-43710.9	4443.33	70.9828	227.11	0.0394485	0.0119202	8	0.00616435	0	0	1.0857e+06
29	0	9.48457e-08	0	0	-141.266	179.771	-1.93424	-34316.6	-25037.6	212.239	229.618	0.0359077	0.0099836	8	0.00616435	0	0	24300.4
31	0	5.10121e-08	0	0	125.922	-137.462	0.107171	34131.1	31051.8	-397.06	180.313	0.0340329	0.00862604	8	0.00616435	0	0	39766.1
41	0	3.99943e-08	0	0	152.719	64.077	-0.996949	-18924.1	46143.1	-118.159	166.063	0.00851121	0.00645137	8	0.00616435	0	0	49155.2
50	0	1.68884e-08	0	0	-23.5264	230.018	2.19436	-41551.7	-4361.07	-232.361	227.236	0.017775	0.0109868	8	0.00616435	0	0	136074
67	0	2.25662e-08	0	0	177.78	-92.3517	-1.02447	16495.2	41412.3	0.382773	194.301	0.104556	0.00513857	8	0.00616435	0	0	94140.9
70	0	8.11504e-09	0	0	175.214	-123.215	2.72213	23311.3	36451.8	175.156	209.227	0.0499097	0.013518	8	0.00616435	0	0	271426
71	0	1.44209e-08	0	0	237.018	5.90672	2.19879	-770.706	41681.1	264.608	237.81	0.0071363	0.0112042	8	0.00616435	0	0	163269
92	0	1.45468e-08	0	0	-192.027	-51.274	1.3889	12932.9	-43715.3	157.364	199.843	0.0272298	0.00787898	8	0.00616435	0	0	147919
93	0	5.86396e-08	0	0	144.503	-117.89	-0.176445	31619.1	36318.7	-100.824	196.835	0.0615063	0.00227101	8	0.00616435	0	0	36138
99	0	1.4043e-08	0	0	-212.612	-1.3224	-1.61146	-61.4487	-43783.9	-4.87101	210.953	0.0109873	0.00757926	8	0.00616435	0	0	157904
102	0	1.96118e-07	0	0	-76.9214	149.758	0.401018	-47143.9	-22625.8	93.5849	191.431	0.123479	0.00294148	8	0.00616435	0	0	10671.3
118	0	2.28332e-08	0	0	-15.1662	-192.107	0.254029	46995.6	-4384.55	-24.3172	201.77	0.0471232	0.00142229	8	0.00616435	0	0	94612.7
119	0	8.06867e-08	0	0	89.6683	-172.389	0.111432	39504.6	22488.5	-149.222	190.002	0.0441422	0.00331332	8	0.00616435	0	0	26007
141	0	8.99617e-09	0	0	104.888	175.666	0.943262	-38641	23707.5	-183.54	209.516	0.0263615	0.00617254	8	0.00616435	0	0	244169
150	0	9.14414e-08	0	0	-79.9813	195.655	0.921665	-39871.7	-17231.8	-38.0323	205.346	0.0354441	0.00443121	8	0.00616435	0	0	23900.4
167	0	1.4312e-07	0	0	-130.981	-132.657	0.0921873	32152.3	-33912.4	179.065	184.746	0.034214	0.00384943	8	0.00616435	0	0	14478.7
170	0	4.58307e-08	0	0	-44.7558	-242.518	0.253653	40191.6	-7332.3	118.272	247.081	0.00278356	0.0030742	8	0.00616435	0	0	52204.4
196	0	2.57916e-08	0	0	126.451	114.711	-0.0431914	-32592.4	36568.2	122.359	170.237	0.00924604	0.00251298	8	0.00616435	0	0	76820.9
4	1	1.76017e-07	0	3.00951e-10	-376.245	61.8885	-0.00807489	-5326.63	-32389.6	-21.57	381.284	5.60041e-05	0.000657471	16	0.0123287	0	0	16876.8
6	1	1.64864e-07	0	3.0035e-10	-186.643	363.94	-0.36328	-28201.3	-14462.5	-10.1199	408.994	3.73434e-05	0.000943847	16	0.0123287	0	0	18613.3
14	0	3.43968e-08	0	3.0035e-13	208.307	249.199	0.62856	-27286	22814.3	-23.6008	324.811	0.000130451	0.00204592	16	0.0123287	0	0	79432
24	0	1.77503e-08	0	0	289.325	-131.668	-0.948262	14891.8	32723.8	119.062	317.911	0.000107584	0.00445705	16	0.0123287	0	0	151655
26	0	2.60582e-08	0	0	-278.508	-124.35	-0.520422	14884.6	-33518.7	-19.1306	304.563	0.00249267	0.00178321	16	0.0123287	0	0	101478
33	0	1.54353e-08	0	3.0035e-13	340.189	-95.6162	-0.0554973	9229.31	32825.8	113.251	353.388	9.76693e-05	0.00332499	16	0.0123287	0	0	183974
46	0	9.41588e-09	0	0	279.188	-118.617	0.542076	14298.8	33874.5	180.949	302.792	0.00294812	0.00523956	16	0.0123287	0	0	280819
66	0	1.87362e-08	0	0	-52.6567	-285.579	-1.40337	36972.6	-6797.05	-27.9321	290.061	0.00126971	0.00488981	16	0.0123287	0	0	138653
90	0	1.37945e-09	0	3.0035e-13	47.6341	-393.023	-2.89444	31979.5	3875.33	75.1994	395.894	3.78902e-05	0.0076746	16	0.0123287	0	0	2.18745e+06
105	0	1.293e-08	0	0	-105.219	254.162	-1.88415	-35821.3	-15176.4	101.937	278.812	0.0157056	0.00731344	16	0.0123287	0	0	196015
144	0	1.02383e-08	0	0	129.002	272.388	2.35566	-33389.3	15763.7	78.8956	301.444	0.00119914	0.00810508	16	0.0123287	0	0	257594
148	0	5.64649e-09	0	0	-263.218	-7.83423	-1.03647	1766.63	-40031.8	-15.5367	271.243	0.0324845	0.00396091	16	0.0123287	0	0	442525
153	0	1.07283e-07	0	0	173.481	-193.764	0.0645042	29543.8	26644.3	9.66663	260.574	0.00408856	0.000347836	16	0.0123287	0	0	22772.4
154	0	1.42721e-09	0	3.0035e-13	246.827	278.378	-3.22291	-24863.9	22042.6	54.5008	371.998	0.000187037	0.00881625	16	0.0123287	0	0	2.06143e+06
160	0	9.52239e-10	0	3.0035e-13	-46.7015	-397.822	1.27639	31807.8	-3732.12	-247.596	400.563	8.48253e-05	0.0083617	16	0.0123287	0	0	3.20422e+06
161	0	1.25303e-07	0	0	-32.4573	-267.233	0.0287738	38847	-6054.18	0.341524	272.685	0.0360729	0.000107008	16	0.0123287	0	0	19980.7
185	0	1.41403e-08	0	0	-260.801	-166.265	1.39663	19595.3	-30724.7	-133.802	309.211	0.000333359	0.00581938	16	0.0123287	0	0	187784
3	1	4.805e-08	0	3.0035e-09	-485.145	182.666	0.451604	-9919.75	-26346.2	-145.107	518.39	1.06973e-05	0.00522748	32	0.0246574	0	0	72327.1
11	0	2.03192e-08	0	3.0035e-12	160.023	-426.556	0.159961	28118.3	10542.3	46.4703	455.567	0.000200965	0.00158675	32	0.0246574	0	0	160346
17	0	6.99641e-10	0	3.0035e-13	401.921	-114.656	-2.58802	8601.27	30150.6	208.948	418.002	9.9392e-05	0.00909673	32	0.0246574	0	0	4.44243e+06
28	0	6.493e-10	0	3.0035e-12	316.642	297.029	1.7001	-21046	22434.8	233.727	434.147	2.39881e-05	0.00854771	32	0.0246574	0	0	4.866e+06
38	0	5.43476e-10	0	3.0035e-12	423.561	264.347	3.02799	-15186.6	24335.7	53.4141	499.286	5.45039e-05	0.00634393	32	0.0246574	0	0	6.21098e+06
43	0	1.26767e-09	0	3.0035e-12	-457.126	-316.995	-0.0996332	15488.3	-22331.7	-86.0373	556.301	7.78999e-05	0.00317088	32	0.0246574	0	0	2.8284e+06
48	0	2.16091e-09	0	3.0035e-12	528.285	45.3006	1.20119	-2377.37	27734.6	19.9261	530.221	3.41505e-05	0.00237581	32	0.0246574	0	0	1.60906e+06
57	0	5.53245e-10	0	3.0035e-13	362.487	226.746	3.51185	-16437.2	26280.6	-156.365	427.573	1.72731e-05	0.00963893	32	0.0246574	0	0	5.68769e+06
62	0	1.65744e-10	6.007e-12	6.007e-12	-502.752	320.017	-3.01979	-14099.3	-22148.7	169.479	595.964	8.56975e-06	0.00820616	32	0.0246574	0	0	2.24053e+07
65	0	2.35283e-10	0	3.0035e-12	-465.767	-201.864	-2.82478	11315	-26100.5	-238.522	507.624	5.65468e-05	0.0100632	32	0.0246574	0	0	1.45338e+07
74	0	1.42831e-08	0	3.0035e-12	-433.994	167.355	-0.580075	-10692.9	-27729.6	35.2995	465.138	1.48403e-05	0.00172219	32	0.0246574	0	0	229125
88	0	3.58011e-10	0	3.0035e-12	187.344	514.908	3.35126	-25732.3	9362.7	-13.9681	547.938	7.54975e-06	0.00613737	32	0.0246574	0	0	9.97198e+06
96	0	3.15919e-10	6.007e-12	6.007e-12	-433.178	-420.399	3.02171	18169.3	-18721.6	-26.7759	603.645	4.81299e-06	0.00510991	32	0.0246574	0	0	1.18606e+07
100	0	1.54384e-10	1.2014e-11	6.007e-12	601.431	253.237	1.85414	-9736.4	23125.1	-158.591	652.574	3.84736e-06	0.0069298	32	0.0246574	0	0	2.49724e+07
106	0	3.343e-10	0	3.0035e-12	411.575	-407.858	0.920004	18743.1	18914.1	141.165	579.437	6.7313e-06	0.00553402	32	0.0246574	0	0	1.09661e+07
107	0	1.31746e-09	0	3.0035e-12	433.536	327.952	0.0192972	-16585.3	21925.3	90.8347	543.606	9.72395e-06	0.00330426	32	0.0246574	0	0	2.69053e+06
117	0	1.88352e-10	6.007e-12	6.007e-12	-443.874	435.207	-3.84509	-17997.6	-18357.2	-66.7384	621.639	1.97872e-05	0.00670811	32	0.0246574	0	0	2.01014e+07
129	0	6.31794e-10	0	3.0035e-12	534.798	-55.7993	-2.24603	2869.97	27492.6	75.9975	537.704	4.13847e-05	0.00500078	32	0.0246574	0	0	5.53934e+06
143	0	2.21962e-10	6.007e-12	6.007e-12	495.649	328.436	3.70617	-14519.3	21912.5	-73.2821	594.602	4.94068e-06	0.00682815	32	0.0246574	0	0	1.66147e+07
145	0	2.76374e-08	0	3.0035e-12	-374.934	264.058	0.401585	-17233.4	-24475.2	21.1248	458.645	0.000164432	0.00112473	32	0.0246574	0	0	117667
165	0	1.74213e-09	6.007e-12	6.007e-12	-505.07	-372.835	-0.573079	15193.5	-20582	-42.751	627.776	4.45527e-06	0.0019042	32	0.0246574	0	0	2.18079e+06
174	0	8.15117e-08	0	3.0035e-12	455.508	175.248	-0.174875	-10417.8	27079.4	-11.7884	488.062	1.78681e-05	0.000541716	32	0.0246574	0	0	40942.5
179	0	2.52943e-09	0	3.0035e-12	280.218	405.601	-1.41841	-23750.8	16406.9	28.6996	492.921	0.000144038	0.00304406	32	0.0246574	0	0	1.33805e+06
181	0	1.40371e-09	0	3.0035e-12	-506.708	233.359	0.830372	-11350.3	-24650.2	-65.4159	557.851	7.47524e-05	0.00283295	32	0.0246574	0	0	2.54013e+06
198	0	1.3249e-09	6.007e-12	6.007e-12	-596.682	-14.0264	-0.0314134	616.78	-26229.5	64.9195	596.842	1.09419e-05	0.00247493	32	0.0246574	0	0	2.79474e+06
10	1	4.02099e-08	1.2014e-08	6.007e-09	-667.981	167.284	1.38061	-5933.62	-23694.4	88.9481	688.609	2.4462e-06	0.00415696	64	0.0493148	0	0	98922.4
18	0	1.44165e-10	1.2014e-11	6.007e-12	-733.971	32.1285	1.19407	-1034.13	-23625.1	-116.434	734.666	1.50595e-05	0.00518498	64	0.0493148	0	0	2.84716e+07
20	0	1.37819e-10	1.2014e-11	6.007e-12	-586.656	-436.557	3.62072	14150.7	-19015.4	57.8774	731.272	3.79465e-06	0.00552065	64	0.0493148	0	0	2.97154e+07
22	0	7.17625e-11	1.2014e-11	6.007e-12	-252.192	775.265	-3.10783	-21347.1	-6944.8	-156.915	815.257	1.20511e-06	0.00796186	64	0.0493148	0	0	6.05451e+07
23	0	1.31347e-08	1.2014e-11	6.007e-12	663.529	-329.186	-0.253371	10467	21098	-8.45702	740.7	2.04354e-06	0.000495935	64	0.0493148	0	0	314663
44	0	4.86175e-10	1.2014e-11	6.007e-12	807.606	-20.2152	-1.27601	564.297	22544.5	-19.3069	807.86	9.35684e-07	0.0017966	64	0.0493148	0	0	8.894e+06
47	0	5.14001e-11	1.2014e-11	6.007e-12	-454.958	930.042	-0.567809	-17893.7	-8753.17	140.396	1035.36	4.30297e-07	0.00706922	64	0.0493148	0	0	9.54291e+07
63	0	4.96787e-11	1.2014e-11	6.007e-12	955.688	14.4167	2.06446	-312.28	20729.7	-193.175	955.799	7.01804e-07	0.00956455	64	0.0493148	0	0	9.41524e+07
104	0	7.81179e-11	1.2014e-11	6.007e-12	-693.95	-408.672	-3.96512	11462	-19461.8	-125.657	805.354	2.56243e-06	0.00742914	64	0.0493148	0	0	5.50587e+07
108	0	8.18321e-11	1.2014e-11	6.007e-12	-218.513	-672.794	3.63417	22920.8	-7442.54	209.458	707.404	2.72382e-05	0.0100964	64	0.0493148	0	0	4.93346e+07
112	0	3.81077e-10	1.2014e-11	6.007e-12	943.379	128.986	0.922215	-2813.96	20581.1	-18.9169	952.157	6.65409e-07	0.00132944	64	0.0493148	0	0	1.22266e+07
121	0	1.37352e-10	1.2014e-11	6.007e-12	304.875	-719.868	-0.0419483	21109.5	8940.17	-104.28	781.768	1.84924e-06	0.00454911	64	0.0493148	0	0	3.1012e+07
136	0	1.90156e-10	2.4028e-11	1.2014e-11	167.599	-732.332	-5.11892	22795.9	5217.03	-3.56192	751.284	2.85651e-06	0.00681534	64	0.0493148	0	0	2.18654e+07
140	0	1.62097e-10	1.2014e-11	6.007e-12	267.807	608.123	3.2744	-22756.9	10020.6	94.9594	664.484	2.37642e-05	0.0062344	64	0.0493148	0	0	2.40214e+07
142	0	4.99932e-11	1.2014e-11	6.007e-12	292.63	-984.809	-4.09241	19168.7	5696.43	-131.563	1027.38	4.60996e-07	0.00769095	64	0.0493148	0	0	9.73746e+07
155	0	9.51718e-10	1.2014e-11	6.007e-12	689.775	-153.8	0.756894	5247.38	23533.4	35.7603	706.713	6.01398e-06	0.0018294	64	0.0493148	0	0	4.2504e+06
168	0	3.54306e-10	1.2014e-11	6.007e-12	394.467	594.864	1.65878	-19995.1	13259.1	44.5011	713.77	1.86225e-06	0.00297343	64	0.0493148	0	0	1.14533e+07
180	0	5.34599e-11	1.2014e-11	6.007e-12	975.777	-184.325	7.27066	3775.48	19986.8	7.63278	993.061	5.31978e-07	0.00733115	64	0.0493148	0	0	8.99085e+07
188	0	7.59468e-11	1.2014e-11	6.007e-12	-746.922	-163.197	0.514558	4948.23	-22646.4	204.515	764.544	1.32894e-06	0.00884808	64	0.0493148	0	0	5.53582e+07
191	0	4.6343e-10	1.2014e-11	6.007e-12	334.561	-612.822	-1.26323	21291.9	11625.6	-33.7064	698.26	0.000103136	0.00228129	64	0.0493148	0	0	8.63741e+06
35	0	4.29906e-11	1.2014e-11	6.007e-12	385.514	1059.55	3.41669	-17938.1	6526.19	155.884	1127.51	4.07464e-07	0.00871039	128	0.0986296	0	0	1.18386e+08
51	0	4.46154e-11	1.2014e-11	6.007e-12	-1344.28	-240.105	6.26381	3049.89	-17075.3	5.24515	1365.57	1.11716e-07	0.00459694	128	0.0986296	0	0	1.26187e+08
68	0	3.55109e-11	1.2014e-11	6.007e-12	-316.498	1414.62	13.8699	-16428.7	-3675.62	-4.19985	1449.66	1.019e-07	0.00957107	128	0.0986296	0	0	1.63416e+08
69	0	3.56915e-11	1.2014e-11	6.007e-12	539.267	1397.41	12.6981	-15451	5962.55	9.41805	1497.9	1.6329e-07	0.00849638	128	0.0986296	0	0	1.65079e+08
76	0	4.18582e-11	1.2014e-11	6.007e-12	113.792	1111.5	-0.881239	-19075.3	1952.73	-185.329	1117.31	3.35677e-07	0.00969693	128	0.0986296	0	0	1.20997e+08
79	0	6.89587e-11	1.2014e-11	6.007e-12	1375.22	351.824	-0.558947	-4216.55	16481.9	30.5249	1419.51	1.11203e-07	0.00183694	128	0.0986296	0	0	8.28509e+07
86	0	3.59583e-11	1.2014e-11	6.007e-12	125.986	1643.77	-1.05896	-15740.1	1206.33	-97.8563	1648.59	1.74046e-06	0.00623195	128	0.0986296	0	0	1.72309e+08
89	0	4.58067e-11	1.2014e-11	6.007e-12	-513.408	-1408.33	4.92603	15554.2	-5670.24	9.41003	1499.01	8.80119e-07	0.003335	128	0.0986296	0	0	1.28436e+08
91	0	3.87419e-11	1.2014e-11	6.007e-12	20.8525	-1294.69	-7.85884	17810	287.501	-107.003	1294.88	1.55609e-07	0.00853944	128	0.0986296	0	0	1.40742e+08
131	0	5.12785e-11	1.2014e-11	6.007e-12	987.02	781.856	-4.34519	-11216	14159.4	42.5892	1259.18	1.74552e-07	0.00417938	128	0.0986296	0	0	1.04937e+08
137	0	1.86462e-10	1.2014e-11	6.007e-12	425.738	-1235.54	-0.999075	16763.7	5776.39	-7.70162	1306.83	1.69665e-07	0.000879277	128	0.0986296	0	0	2.93796e+07
138	0	4.66227e-11	1.2014e-11	6.007e-12	-1253.77	-149.033	-6.41513	2129.23	-17912.8	6.24288	1262.61	2.40772e-07	0.00509264	128	0.0986296	0	0	1.16119e+08
152	0	3.66041e-11	1.2014e-11	6.007e-12	-423.081	1410.77	8.42996	-15997.5	-4798.07	87.9748	1472.87	9.33937e-08	0.00777851	128	0.0986296	0	0	1.58982e+08
157	0	6.83115e-11	1.2014e-11	6.007e-12	-955.554	510.587	-2.22455	-9177.28	-17175.4	-65.4156	1083.41	4.737e-07	0.00393703	128	0.0986296	0	0	7.27423e+07
197	0	1.88821e-08	1.2014e-11	6.007e-12	-338.622	1040.22	0.146645	-18427.8	-5998.8	1.20217	1093.95	3.21048e-07	0.000147708	128	0.0986296	0	0	267266
5	1	3.06835e-08	1.2014e-08	6.007e-09	1652.1	426.075	-8.2476	-3875.12	15026.2	25.0877	1706.18	1.16901e-07	0.00509717	256	0.197259	0	0	204428
15	0	3.15358e-11	1.2014e-11	6.007e-12	742.671	2146.64	-15.9121	-12709.1	4397.65	92.7047	2271.54	9.7502e-09	0.00982795	256	0.197259	0	0	2.29208e+08
30	0	3.2355e-11	1.2014e-11	6.007e-12	2567.81	44.9846	2.55691	-221.599	12646.1	56.1048	2568.21	2.24206e-08	0.00454616	256	0.197259	0	0	2.38566e+08
53	0	3.1301e-11	1.2014e-11	6.007e-12	2034.23	1561.53	-15.903	-7706.7	10040.4	71.1771	2564.51	2.41433e-09	0.00837132	256	0.197259	0	0	2.44478e+08
75	0	3.71718e-11	1.2014e-11	6.007e-12	-555.2	1704.02	-5.44562	-14395.9	-4690.61	-43.223	1792.19	5.52978e-07	0.00416919	256	0.197259	0	0	1.73555e+08
80	0	6.30898e-11	1.2014e-11	6.007e-12	-746.18	1773.56	-1.71729	-13469	-5666.76	-2.32487	1924.13	2.11004e-08	0.000906569	256	0.197259	0	0	1.05455e+08
83	0	4.76177e-11	1.2014e-11	6.007e-12	1700.42	-50.3501	2.44197	460.845	15533.2	14.5545	1701.02	0.000102269	0.00171394	256	0.197259	0	0	1.3097e+08
103	0	4.64952e-11	1.2014e-11	6.007e-12	1901.52	356.33	2.98459	-2684.13	14323.6	-6.28178	1934.62	6.80038e-08	0.00160182	256	0.197259	0	0	1.43186e+08
132	0	3.32565e-11	1.2014e-11	6.007e-12	1047.23	1452.96	15.8535	-12286.7	8855.69	7.62483	1791.09	6.93917e-07	0.00886569	256	0.197259	0	0	1.94225e+08
134	0	3.34068e-11	1.2014e-11	6.007e-12	-1396.48	-1293.56	-1.7025	9983.43	-10777.6	-105.074	1903.54	2.37437e-08	0.00720784	256	0.197259	0	0	1.98851e+08
135	0	3.23384e-11	1.2014e-11	6.007e-12	-1441.25	-1651.13	-10.0562	10314.4	-9003.72	75.1683	2191.7	1.71281e-08	0.00715505	256	0.197259	0	0	2.18956e+08
171	0	3.65942e-11	1.2014e-11	6.007e-12	1359.74	1764.19	-5.03788	-10757.1	8290.93	-14.0328	2227.4	5.23898e-09	0.00248661	256	0.197259	0	0	1.96177e+08
173	0	3.30472e-11	1.2014e-11	6.007e-12	-2249.96	-478.403	1.64784	2779.49	-13072.2	-63.2182	2300.26	1.87253e-06	0.00478423	256	0.197259	0	0	2.20801e+08
176	0	3.45051e-11	1.2014e-11	6.007e-12	1736.1	-17.077	-7.20659	151.386	15382.3	-89.751	1736.24	4.00263e-05	0.00716014	256	0.197259	0	0	1.83772e+08
184	0	3.35663e-11	1.2014e-11	6.007e-12	-1709.32	-1537.06	-8.78444	8939.05	-9940.8	-19.7573	2298.78	1.82906e-06	0.00409717	256	0.197259	0	0	2.17666e+08
13	0	3.10411e-11	1.2014e-11	6.007e-12	2895.52	-59.0934	21.5401	243.015	11908	1.43936	2896.2	4.14286e-09	0.00743842	512	0.394518	0	0	2.63843e+08
16	0	3.07974e-11	1.2014e-11	6.007e-12	3241.12	546.081	22.8359	-1857.57	11024.9	5.92234	3286.88	7.33486e-09	0.00696781	512	0.394518	0	0	2.81834e+08
36	0	3.18583e-11	1.2014e-11	6.007e-12	-1349.24	-2601.71	-6.46601	10510.6	-5450.88	40.1815	2930.77	1.36457e-08	0.00404781	512	0.394518	0	0	2.56901e+08
45	0	3.0551e-11	1.2014e-11	6.007e-12	1963.47	-3170.99	26.7826	8923.36	5525.32	-0.750165	3729.76	1.00526e-08	0.00718118	512	0.394518	0	0	3.04669e+08
54	0	3.10992e-11	1.2014e-11	6.007e-12	-2382.69	2117.39	12.9521	-7541.51	-8486.21	-40.1646	3187.59	2.19255e-09	0.00538763	512	0.394518	0	0	2.76931e+08
60	0	3.17499e-11	1.2014e-11	6.007e-12	-2909.12	1427.21	-5.36632	-4959.58	-10109.1	31.4794	3240.36	3.44103e-09	0.00324933	512	0.394518	0	0	2.71727e+08
64	0	3.08223e-11	1.2014e-11	6.007e-12	-2627.14	-1403.06	2.78716	5532.71	-10359.8	-102.669	2978.33	6.27095e-09	0.00879148	512	0.394518	0	0	2.69252e+08
82	0	3.07378e-11	1.2014e-11	6.007e-12	-2146.08	3010.29	11.3612	-8583.88	-6119.41	-47.0718	3696.98	6.21896e-09	0.00542054	512	0.394518	0	0	3.01188e+08
84	0	3.09491e-11	1.2014e-11	6.007e-12	-2224.13	-1669	-23.6315	7295.27	-9722.33	42.0411	2780.81	1.24386e-08	0.0091751	512	0.394518	0	0	2.58765e+08
85	0	3.09141e-11	1.2014e-11	6.007e-12	1583.57	2898.99	-19.7429	-9787.31	5346.31	0.181369	3303.37	9.92225e-10	0.00597666	512	0.394518	0	0	2.81197e+08
139	0	3.11136e-11	1.2014e-11	6.007e-12	2335.23	-1939.81	11.9699	7433.51	8948.46	-54.5034	3035.83	9.03371e-09	0.00612346	512	0.394518	0	0	2.68834e+08
27	0	3.07944e-11	1.2014e-11	6.007e-12	3495.77	-2427.33	14.591	5603.91	8070.58	-2.85151	4255.88	4.81903e-08	0.00344071	1024	0.789037	0	0	3.20557e+08
56	0	3.05401e-11	1.2014e-11	6.007e-12	138.376	4342.15	6.3159	-9719.77	309.816	-44.7962	4344.35	5.15767e-09	0.00483037	1024	0.789037	0	0	3.28594e+08
159	0	5.39014e-11	1.2014e-11	6.007e-12	4168.4	916.652	0.252829	-2107.23	9582.46	-1.15337	4267.99	2.67993e-08	0.000131636	1024	0.789037	0	0	1.8421e+08
